Example_case_study_data/Berlin/elevation_berlin_250.asc
ncols        992
nrows        1019
xllcorner    4404750.000000000000
yllcorner    3139250.000000000000
cellsize     250.000000000000
NODATA_value    -9999
[rows 754 to 811 of 1019, columns 0 to 95 of 992]
42 42 42 42 45 45 45 45 50 50 50 50 43 43 43 43 34 34 34 34 34 34 34 34 40 40 40 40 49 49 49 49 61 61 61 61 60 60 60 60 59 59 59 59 59 59 59 59 69 69 69 69 70 70 70 70 68 68 68 68 63 63 63 63 61 61 61 61 61 61 61 61 57 57 57 57 48 48 48 48 45 45 45 45 45 45 45 45 39 39 39 39 27 27 27 27
42 42 42 42 45 45 45 45 50 50 50 50 43 43 43 43 34 34 34 34 34 34 34 34 40 40 40 40 49 49 49 49 61 61 61 61 60 60 60 60 59 59 59 59 59 59 59 59 69 69 69 69 70 70 70 70 68 68 68 68 63 63 63 63 61 61 61 61 61 61 61 61 57 57 57 57 48 48 48 48 45 45 45 45 45 45 45 45 39 39 39 39 27 27 27 27
43 43 43 43 45 45 45 45 45 45 45 45 40 40 40 40 34 34 34 34 36 36 36 36 37 37 37 37 43 43 43 43 48 48 48 48 51 51 51 51 51 51 51 51 52 52 52 52 65 65 65 65 67 67 67 67 63 63 63 63 63 63 63 63 63 63 63 63 63 63 63 63 63 63 63 63 61 61 61 61 60 60 60 60 51 51 51 51 44 44 44 44 34 34 34 34
43 43 43 43 45 45 45 45 45 45 45 45 40 40 40 40 34 34 34 34 36 36 36 36 37 37 37 37 43 43 43 43 48 48 48 48 51 51 51 51 51 51 51 51 52 52 52 52 65 65 65 65 67 67 67 67 63 63 63 63 63 63 63 63 63 63 63 63 63 63 63 63 63 63 63 63 61 61 61 61 60 60 60 60 51 51 51 51 44 44 44 44 34 34 34 34
43 43 43 43 45 45 45 45 45 45 45 45 40 40 40 40 34 34 34 34 36 36 36 36 37 37 37 37 43 43 43 43 48 48 48 48 51 51 51 51 51 51 51 51 52 52 52 52 65 65 65 65 67 67 67 67 63 63 63 63 63 63 63 63 63 63 63 63 63 63 63 63 63 63 63 63 61 61 61 61 60 60 60 60 51 51 51 51 44 44 44 44 34 34 34 34
43 43 43 43 45 45 45 45 45 45 45 45 40 40 40 40 34 34 34 34 36 36 36 36 37 37 37 37 43 43 43 43 48 48 48 48 51 51 51 51 51 51 51 51 52 52 52 52 65 65 65 65 67 67 67 67 63 63 63 63 63 63 63 63 63 63 63 63 63 63 63 63 63 63 63 63 61 61 61 61 60 60 60 60 51 51 51 51 44 44 44 44 34 34 34 34
44 44 44 44 42 42 42 42 38 38 38 38 38 38 38 38 39 39 39 39 38 38 38 38 34 34 34 34 40 40 40 40 43 43 43 43 43 43 43 43 43 43 43 43 45 45 45 45 48 48 48 48 57 57 57 57 58 58 58 58 61 61 61 61 62 62 62 62 63 63 63 63 65 65 65 65 63 63 63 63 64 64 64 64 58 58 58 58 49 49 49 49 37 37 37 37
44 44 44 44 42 42 42 42 38 38 38 38 38 38 38 38 39 39 39 39 38 38 38 38 34 34 34 34 40 40 40 40 43 43 43 43 43 43 43 43 43 43 43 43 45 45 45 45 48 48 48 48 57 57 57 57 58 58 58 58 61 61 61 61 62 62 62 62 63 63 63 63 65 65 65 65 63 63 63 63 64 64 64 64 58 58 58 58 49 49 49 49 37 37 37 37
44 44 44 44 42 42 42 42 38 38 38 38 38 38 38 38 39 39 39 39 38 38 38 38 34 34 34 34 40 40 40 40 43 43 43 43 43 43 43 43 43 43 43 43 45 45 45 45 48 48 48 48 57 57 57 57 58 58 58 58 61 61 61 61 62 62 62 62 63 63 63 63 65 65 65 65 63 63 63 63 64 64 64 64 58 58 58 58 49 49 49 49 37 37 37 37
44 44 44 44 42 42 42 42 38 38 38 38 38 38 38 38 39 39 39 39 38 38 38 38 34 34 34 34 40 40 40 40 43 43 43 43 43 43 43 43 43 43 43 43 45 45 45 45 48 48 48 48 57 57 57 57 58 58 58 58 61 61 61 61 62 62 62 62 63 63 63 63 65 65 65 65 63 63 63 63 64 64 64 64 58 58 58 58 49 49 49 49 37 37 37 37
41 41 41 41 39 39 39 39 37 37 37 37 40 40 40 40 42 42 42 42 39 39 39 39 38 38 38 38 38 38 38 38 39 39 39 39 38 38 38 38 38 38 38 38 38 38 38 38 38 38 38 38 41 41 41 41 44 44 44 44 52 52 52 52 58 58 58 58 64 64 64 64 63 63 63 63 63 63 63 63 64 64 64 64 58 58 58 58 47 47 47 47 38 38 38 38
41 41 41 41 39 39 39 39 37 37 37 37 40 40 40 40 42 42 42 42 39 39 39 39 38 38 38 38 38 38 38 38 39 39 39 39 38 38 38 38 38 38 38 38 38 38 38 38 38 38 38 38 41 41 41 41 44 44 44 44 52 52 52 52 58 58 58 58 64 64 64 64 63 63 63 63 63 63 63 63 64 64 64 64 58 58 58 58 47 47 47 47 38 38 38 38
41 41 41 41 39 39 39 39 37 37 37 37 40 40 40 40 42 42 42 42 39 39 39 39 38 38 38 38 38 38 38 38 39 39 39 39 38 38 38 38 38 38 38 38 38 38 38 38 38 38 38 38 41 41 41 41 44 44 44 44 52 52 52 52 58 58 58 58 64 64 64 64 63 63 63 63 63 63 63 63 64 64 64 64 58 58 58 58 47 47 47 47 38 38 38 38
41 41 41 41 39 39 39 39 37 37 37 37 40 40 40 40 42 42 42 42 39 39 39 39 38 38 38 38 38 38 38 38 39 39 39 39 38 38 38 38 38 38 38 38 38 38 38 38 38 38 38 38 41 41 41 41 44 44 44 44 52 52 52 52 58 58 58 58 64 64 64 64 63 63 63 63 63 63 63 63 64 64 64 64 58 58 58 58 47 47 47 47 38 38 38 38
40 40 40 40 40 40 40 40 43 43 43 43 44 44 44 44 43 43 43 43 42 42 42 42 39 39 39 39 38 38 38 38 39 39 39 39 38 38 38 38 39 39 39 39 36 36 36 36 33 33 33 33 33 33 33 33 30 30 30 30 33 33 33 33 47 47 47 47 56 56 56 56 58 58 58 58 60 60 60 60 58 58 58 58 51 51 51 51 44 44 44 44 40 40 40 40
40 40 40 40 40 40 40 40 43 43 43 43 44 44 44 44 43 43 43 43 42 42 42 42 39 39 39 39 38 38 38 38 39 39 39 39 38 38 38 38 39 39 39 39 36 36 36 36 33 33 33 33 33 33 33 33 30 30 30 30 33 33 33 33 47 47 47 47 56 56 56 56 58 58 58 58 60 60 60 60 58 58 58 58 51 51 51 51 44 44 44 44 40 40 40 40
40 40 40 40 40 40 40 40 43 43 43 43 44 44 44 44 43 43 43 43 42 42 42 42 39 39 39 39 38 38 38 38 39 39 39 39 38 38 38 38 39 39 39 39 36 36 36 36 33 33 33 33 33 33 33 33 30 30 30 30 33 33 33 33 47 47 47 47 56 56 56 56 58 58 58 58 60 60 60 60 58 58 58 58 51 51 51 51 44 44 44 44 40 40 40 40
40 40 40 40 40 40 40 40 43 43 43 43 44 44 44 44 43 43 43 43 42 42 42 42 39 39 39 39 38 38 38 38 39 39 39 39 38 38 38 38 39 39 39 39 36 36 36 36 33 33 33 33 33 33 33 33 30 30 30 30 33 33 33 33 47 47 47 47 56 56 56 56 58 58 58 58 60 60 60 60 58 58 58 58 51 51 51 51 44 44 44 44 40 40 40 40
40 40 40 40 44 44 44 44 45 45 45 45 46 46 46 46 46 46 46 46 45 45 45 45 43 43 43 43 39 39 39 39 40 40 40 40 41 41 41 41 32 32 32 32 30 30 30 30 30 30 30 30 32 32 32 32 33 33 33 33 33 33 33 33 42 42 42 42 48 48 48 48 48 48 48 48 50 50 50 50 49 49 49 49 48 48 48 48 48 48 48 48 42 42 42 42
40 40 40 40 44 44 44 44 45 45 45 45 46 46 46 46 46 46 46 46 45 45 45 45 43 43 43 43 39 39 39 39 40 40 40 40 41 41 41 41 32 32 32 32 30 30 30 30 30 30 30 30 32 32 32 32 33 33 33 33 33 33 33 33 42 42 42 42 48 48 48 48 48 48 48 48 50 50 50 50 49 49 49 49 48 48 48 48 48 48 48 48 42 42 42 42
40 40 40 40 44 44 44 44 45 45 45 45 46 46 46 46 46 46 46 46 45 45 45 45 43 43 43 43 39 39 39 39 40 40 40 40 41 41 41 41 32 32 32 32 30 30 30 30 30 30 30 30 32 32 32 32 33 33 33 33 33 33 33 33 42 42 42 42 48 48 48 48 48 48 48 48 50 50 50 50 49 49 49 49 48 48 48 48 48 48 48 48 42 42 42 42
40 40 40 40 44 44 44 44 45 45 45 45 46 46 46 46 46 46 46 46 45 45 45 45 43 43 43 43 39 39 39 39 40 40 40 40 41 41 41 41 32 32 32 32 30 30 30 30 30 30 30 30 32 32 32 32 33 33 33 33 33 33 33 33 42 42 42 42 48 48 48 48 48 48 48 48 50 50 50 50 49 49 49 49 48 48 48 48 48 48 48 48 42 42 42 42
45 45 45 45 45 45 45 45 45 45 45 45 46 46 46 46 48 48 48 48 48 48 48 48 50 50 50 50 43 43 43 43 40 40 40 40 43 43 43 43 41 41 41 41 37 37 37 37 38 38 38 38 38 38 38 38 38 38 38 38 38 38 38 38 41 41 41 41 43 43 43 43 45 45 45 45 47 47 47 47 48 48 48 48 48 48 48 48 48 48 48 48 46 46 46 46
45 45 45 45 45 45 45 45 45 45 45 45 46 46 46 46 48 48 48 48 48 48 48 48 50 50 50 50 43 43 43 43 40 40 40 40 43 43 43 43 41 41 41 41 37 37 37 37 38 38 38 38 38 38 38 38 38 38 38 38 38 38 38 38 41 41 41 41 43 43 43 43 45 45 45 45 47 47 47 47 48 48 48 48 48 48 48 48 48 48 48 48 46 46 46 46
45 45 45 45 45 45 45 45 45 45 45 45 46 46 46 46 48 48 48 48 48 48 48 48 50 50 50 50 43 43 43 43 40 40 40 40 43 43 43 43 41 41 41 41 37 37 37 37 38 38 38 38 38 38 38 38 38 38 38 38 38 38 38 38 41 41 41 41 43 43 43 43 45 45 45 45 47 47 47 47 48 48 48 48 48 48 48 48 48 48 48 48 46 46 46 46
45 45 45 45 45 45 45 45 45 45 45 45 46 46 46 46 48 48 48 48 48 48 48 48 50 50 50 50 43 43 43 43 40 40 40 40 43 43 43 43 41 41 41 41 37 37 37 37 38 38 38 38 38 38 38 38 38 38 38 38 38 38 38 38 41 41 41 41 43 43 43 43 45 45 45 45 47 47 47 47 48 48 48 48 48 48 48 48 48 48 48 48 46 46 46 46
46 46 46 46 44 44 44 44 45 45 45 45 45 45 45 45 47 47 47 47 48 48 48 48 48 48 48 48 45 45 45 45 41 41 41 41 44 44 44 44 45 45 45 45 44 44 44 44 42 42 42 42 37 37 37 37 38 38 38 38 38 38 38 38 41 41 41 41 45 45 45 45 46 46 46 46 48 48 48 48 51 51 51 51 52 52 52 52 51 51 51 51 48 48 48 48
46 46 46 46 44 44 44 44 45 45 45 45 45 45 45 45 47 47 47 47 48 48 48 48 48 48 48 48 45 45 45 45 41 41 41 41 44 44 44 44 45 45 45 45 44 44 44 44 42 42 42 42 37 37 37 37 38 38 38 38 38 38 38 38 41 41 41 41 45 45 45 45 46 46 46 46 48 48 48 48 51 51 51 51 52 52 52 52 51 51 51 51 48 48 48 48
46 46 46 46 44 44 44 44 45 45 45 45 45 45 45 45 47 47 47 47 48 48 48 48 48 48 48 48 45 45 45 45 41 41 41 41 44 44 44 44 45 45 45 45 44 44 44 44 42 42 42 42 37 37 37 37 38 38 38 38 38 38 38 38 41 41 41 41 45 45 45 45 46 46 46 46 48 48 48 48 51 51 51 51 52 52 52 52 51 51 51 51 48 48 48 48
46 46 46 46 44 44 44 44 45 45 45 45 45 45 45 45 47 47 47 47 48 48 48 48 48 48 48 48 45 45 45 45 41 41 41 41 44 44 44 44 45 45 45 45 44 44 44 44 42 42 42 42 37 37 37 37 38 38 38 38 38 38 38 38 41 41 41 41 45 45 45 45 46 46 46 46 48 48 48 48 51 51 51 51 52 52 52 52 51 51 51 51 48 48 48 48
52 52 52 52 49 49 49 49 48 48 48 48 47 47 47 47 48 48 48 48 48 48 48 48 50 50 50 50 46 46 46 46 45 45 45 45 43 43 43 43 46 46 46 46 46 46 46 46 45 45 45 45 43 43 43 43 39 39 39 39 38 38 38 38 39 39 39 39 43 43 43 43 46 46 46 46 48 48 48 48 53 53 53 53 56 56 56 56 53 53 53 53 46 46 46 46
52 52 52 52 49 49 49 49 48 48 48 48 47 47 47 47 48 48 48 48 48 48 48 48 50 50 50 50 46 46 46 46 45 45 45 45 43 43 43 43 46 46 46 46 46 46 46 46 45 45 45 45 43 43 43 43 39 39 39 39 38 38 38 38 39 39 39 39 43 43 43 43 46 46 46 46 48 48 48 48 53 53 53 53 56 56 56 56 53 53 53 53 46 46 46 46
52 52 52 52 49 49 49 49 48 48 48 48 47 47 47 47 48 48 48 48 48 48 48 48 50 50 50 50 46 46 46 46 45 45 45 45 43 43 43 43 46 46 46 46 46 46 46 46 45 45 45 45 43 43 43 43 39 39 39 39 38 38 38 38 39 39 39 39 43 43 43 43 46 46 46 46 48 48 48 48 53 53 53 53 56 56 56 56 53 53 53 53 46 46 46 46
52 52 52 52 49 49 49 49 48 48 48 48 47 47 47 47 48 48 48 48 48 48 48 48 50 50 50 50 46 46 46 46 45 45 45 45 43 43 43 43 46 46 46 46 46 46 46 46 45 45 45 45 43 43 43 43 39 39 39 39 38 38 38 38 39 39 39 39 43 43 43 43 46 46 46 46 48 48 48 48 53 53 53 53 56 56 56 56 53 53 53 53 46 46 46 46
58 58 58 58 63 63 63 63 58 58 58 58 51 51 51 51 51 51 51 51 52 52 52 52 52 52 52 52 49 49 49 49 47 47 47 47 44 44 44 44 44 44 44 44 47 47 47 47 47 47 47 47 45 45 45 45 43 43 43 43 37 37 37 37 38 38 38 38 41 41 41 41 45 45 45 45 51 51 51 51 56 56 56 56 56 56 56 56 56 56 56 56 48 48 48 48
58 58 58 58 63 63 63 63 58 58 58 58 51 51 51 51 51 51 51 51 52 52 52 52 52 52 52 52 49 49 49 49 47 47 47 47 44 44 44 44 44 44 44 44 47 47 47 47 47 47 47 47 45 45 45 45 43 43 43 43 37 37 37 37 38 38 38 38 41 41 41 41 45 45 45 45 51 51 51 51 56 56 56 56 56 56 56 56 56 56 56 56 48 48 48 48
58 58 58 58 63 63 63 63 58 58 58 58 51 51 51 51 51 51 51 51 52 52 52 52 52 52 52 52 49 49 49 49 47 47 47 47 44 44 44 44 44 44 44 44 47 47 47 47 47 47 47 47 45 45 45 45 43 43 43 43 37 37 37 37 38 38 38 38 41 41 41 41 45 45 45 45 51 51 51 51 56 56 56 56 56 56 56 56 56 56 56 56 48 48 48 48
58 58 58 58 63 63 63 63 58 58 58 58 51 51 51 51 51 51 51 51 52 52 52 52 52 52 52 52 49 49 49 49 47 47 47 47 44 44 44 44 44 44 44 44 47 47 47 47 47 47 47 47 45 45 45 45 43 43 43 43 37 37 37 37 38 38 38 38 41 41 41 41 45 45 45 45 51 51 51 51 56 56 56 56 56 56 56 56 56 56 56 56 48 48 48 48
56 56 56 56 53 53 53 53 57 57 57 57 58 58 58 58 59 59 59 59 58 58 58 58 57 57 57 57 55 55 55 55 51 51 51 51 47 47 47 47 45 45 45 45 48 48 48 48 48 48 48 48 48 48 48 48 46 46 46 46 45 45 45 45 38 38 38 38 37 37 37 37 45 45 45 45 51 51 51 51 57 57 57 57 58 58 58 58 56 56 56 56 51 51 51 51
56 56 56 56 53 53 53 53 57 57 57 57 58 58 58 58 59 59 59 59 58 58 58 58 57 57 57 57 55 55 55 55 51 51 51 51 47 47 47 47 45 45 45 45 48 48 48 48 48 48 48 48 48 48 48 48 46 46 46 46 45 45 45 45 38 38 38 38 37 37 37 37 45 45 45 45 51 51 51 51 57 57 57 57 58 58 58 58 56 56 56 56 51 51 51 51
56 56 56 56 53 53 53 53 57 57 57 57 58 58 58 58 59 59 59 59 58 58 58 58 57 57 57 57 55 55 55 55 51 51 51 51 47 47 47 47 45 45 45 45 48 48 48 48 48 48 48 48 48 48 48 48 46 46 46 46 45 45 45 45 38 38 38 38 37 37 37 37 45 45 45 45 51 51 51 51 57 57 57 57 58 58 58 58 56 56 56 56 51 51 51 51
56 56 56 56 53 53 53 53 57 57 57 57 58 58 58 58 59 59 59 59 58 58 58 58 57 57 57 57 55 55 55 55 51 51 51 51 47 47 47 47 45 45 45 45 48 48 48 48 48 48 48 48 48 48 48 48 46 46 46 46 45 45 45 45 38 38 38 38 37 37 37 37 45 45 45 45 51 51 51 51 57 57 57 57 58 58 58 58 56 56 56 56 51 51 51 51
58 58 58 58 55 55 55 55 53 53 53 53 58 58 58 58 59 59 59 59 59 59 59 59 58 58 58 58 56 56 56 56 53 53 53 53 50 50 50 50 50 50 50 50 48 48 48 48 49 49 49 49 50 50 50 50 48 48 48 48 48 48 48 48 43 43 43 43 40 40 40 40 43 43 43 43 49 49 49 49 57 57 57 57 58 58 58 58 52 52 52 52 48 48 48 48
58 58 58 58 55 55 55 55 53 53 53 53 58 58 58 58 59 59 59 59 59 59 59 59 58 58 58 58 56 56 56 56 53 53 53 53 50 50 50 50 50 50 50 50 48 48 48 48 49 49 49 49 50 50 50 50 48 48 48 48 48 48 48 48 43 43 43 43 40 40 40 40 43 43 43 43 49 49 49 49 57 57 57 57 58 58 58 58 52 52 52 52 48 48 48 48
58 58 58 58 55 55 55 55 53 53 53 53 58 58 58 58 59 59 59 59 59 59 59 59 58 58 58 58 56 56 56 56 53 53 53 53 50 50 50 50 50 50 50 50 48 48 48 48 49 49 49 49 50 50 50 50 48 48 48 48 48 48 48 48 43 43 43 43 40 40 40 40 43 43 43 43 49 49 49 49 57 57 57 57 58 58 58 58 52 52 52 52 48 48 48 48
58 58 58 58 55 55 55 55 53 53 53 53 58 58 58 58 59 59 59 59 59 59 59 59 58 58 58 58 56 56 56 56 53 53 53 53 50 50 50 50 50 50 50 50 48 48 48 48 49 49 49 49 50 50 50 50 48 48 48 48 48 48 48 48 43 43 43 43 40 40 40 40 43 43 43 43 49 49 49 49 57 57 57 57 58 58 58 58 52 52 52 52 48 48 48 48
61 61 61 61 59 59 59 59 59 59 59 59 59 59 59 59 61 61 61 61 61 61 61 61 59 59 59 59 58 58 58 58 57 57 57 57 55 55 55 55 53 53 53 53 48 48 48 48 49 49 49 49 54 54 54 54 49 49 49 49 49 49 49 49 48 48 48 48 41 41 41 41 40 40 40 40 48 48 48 48 49 49 49 49 52 52 52 52 49 49 49 49 46 46 46 46
61 61 61 61 59 59 59 59 59 59 59 59 59 59 59 59 61 61 61 61 61 61 61 61 59 59 59 59 58 58 58 58 57 57 57 57 55 55 55 55 53 53 53 53 48 48 48 48 49 49 49 49 54 54 54 54 49 49 49 49 49 49 49 49 48 48 48 48 41 41 41 41 40 40 40 40 48 48 48 48 49 49 49 49 52 52 52 52 49 49 49 49 46 46 46 46
61 61 61 61 59 59 59 59 59 59 59 59 59 59 59 59 61 61 61 61 61 61 61 61 59 59 59 59 58 58 58 58 57 57 57 57 55 55 55 55 53 53 53 53 48 48 48 48 49 49 49 49 54 54 54 54 49 49 49 49 49 49 49 49 48 48 48 48 41 41 41 41 40 40 40 40 48 48 48 48 49 49 49 49 52 52 52 52 49 49 49 49 46 46 46 46
61 61 61 61 59 59 59 59 59 59 59 59 59 59 59 59 61 61 61 61 61 61 61 61 59 59 59 59 58 58 58 58 57 57 57 57 55 55 55 55 53 53 53 53 48 48 48 48 49 49 49 49 54 54 54 54 49 49 49 49 49 49 49 49 48 48 48 48 41 41 41 41 40 40 40 40 48 48 48 48 49 49 49 49 52 52 52 52 49 49 49 49 46 46 46 46
77 77 77 77 74 74 74 74 76 76 76 76 71 71 71 71 65 65 65 65 63 63 63 63 62 62 62 62 64 64 64 64 61 61 61 61 58 58 58 58 56 56 56 56 53 53 53 53 52 52 52 52 52 52 52 52 52 52 52 52 52 52 52 52 49 49 49 49 46 46 46 46 37 37 37 37 40 40 40 40 43 43 43 43 40 40 40 40 41 41 41 41 39 39 39 39
77 77 77 77 74 74 74 74 76 76 76 76 71 71 71 71 65 65 65 65 63 63 63 63 62 62 62 62 64 64 64 64 61 61 61 61 58 58 58 58 56 56 56 56 53 53 53 53 52 52 52 52 52 52 52 52 52 52 52 52 52 52 52 52 49 49 49 49 46 46 46 46 37 37 37 37 40 40 40 40 43 43 43 43 40 40 40 40 41 41 41 41 39 39 39 39
77 77 77 77 74 74 74 74 76 76 76 76 71 71 71 71 65 65 65 65 63 63 63 63 62 62 62 62 64 64 64 64 61 61 61 61 58 58 58 58 56 56 56 56 53 53 53 53 52 52 52 52 52 52 52 52 52 52 52 52 52 52 52 52 49 49 49 49 46 46 46 46 37 37 37 37 40 40 40 40 43 43 43 43 40 40 40 40 41 41 41 41 39 39 39 39
77 77 77 77 74 74 74 74 76 76 76 76 71 71 71 71 65 65 65 65 63 63 63 63 62 62 62 62 64 64 64 64 61 61 61 61 58 58 58 58 56 56 56 56 53 53 53 53 52 52 52 52 52 52 52 52 52 52 52 52 52 52 52 52 49 49 49 49 46 46 46 46 37 37 37 37 40 40 40 40 43 43 43 43 40 40 40 40 41 41 41 41 39 39 39 39
89 89 89 89 86 86 86 86 82 82 82 82 72 72 72 72 73 73 73 73 70 70 70 70 69 69 69 69 63 63 63 63 59 59 59 59 58 58 58 58 57 57 57 57 58 58 58 58 61 61 61 61 59 59 59 59 55 55 55 55 56 56 56 56 50 50 50 50 57 57 57 57 43 43 43 43 38 38 38 38 38 38 38 38 39 39 39 39 38 38 38 38 40 40 40 40
89 89 89 89 86 86 86 86 82 82 82 82 72 72 72 72 73 73 73 73 70 70 70 70 69 69 69 69 63 63 63 63 59 59 59 59 58 58 58 58 57 57 57 57 58 58 58 58 61 61 61 61 59 59 59 59 55 55 55 55 56 56 56 56 50 50 50 50 57 57 57 57 43 43 43 43 38 38 38 38 38 38 38 38 39 39 39 39 38 38 38 38 40 40 40 40
89 89 89 89 86 86 86 86 82 82 82 82 72 72 72 72 73 73 73 73 70 70 70 70 69 69 69 69 63 63 63 63 59 59 59 59 58 58 58 58 57 57 57 57 58 58 58 58 61 61 61 61 59 59 59 59 55 55 55 55 56 56 56 56 50 50 50 50 57 57 57 57 43 43 43 43 38 38 38 38 38 38 38 38 39 39 39 39 38 38 38 38 40 40 40 40
89 89 89 89 86 86 86 86 82 82 82 82 72 72 72 72 73 73 73 73 70 70 70 70 69 69 69 69 63 63 63 63 59 59 59 59 58 58 58 58 57 57 57 57 58 58 58 58 61 61 61 61 59 59 59 59 55 55 55 55 56 56 56 56 50 50 50 50 57 57 57 57 43 43 43 43 38 38 38 38 38 38 38 38 39 39 39 39 38 38 38 38 40 40 40 40
