Example_case_study_data/Berlin/elevation_berlin_250.asc
ncols        992
nrows        1019
xllcorner    4404750.000000000000
yllcorner    3139250.000000000000
cellsize     250.000000000000
NODATA_value    -9999
[rows 812 to 869 of 1019, columns 0 to 95 of 992]
99 99 99 99 89 89 89 89 87 87 87 87 79 79 79 79 74 74 74 74 66 66 66 66 65 65 65 65 64 64 64 64 62 62 62 62 64 64 64 64 64 64 64 64 63 63 63 63 67 67 67 67 67 67 67 67 61 61 61 61 58 58 58 58 49 49 49 49 59 59 59 59 58 58 58 58 43 43 43 43 38 38 38 38 45 45 45 45 47 47 47 47 49 49 49 49
99 99 99 99 89 89 89 89 87 87 87 87 79 79 79 79 74 74 74 74 66 66 66 66 65 65 65 65 64 64 64 64 62 62 62 62 64 64 64 64 64 64 64 64 63 63 63 63 67 67 67 67 67 67 67 67 61 61 61 61 58 58 58 58 49 49 49 49 59 59 59 59 58 58 58 58 43 43 43 43 38 38 38 38 45 45 45 45 47 47 47 47 49 49 49 49
99 99 99 99 89 89 89 89 87 87 87 87 79 79 79 79 74 74 74 74 66 66 66 66 65 65 65 65 64 64 64 64 62 62 62 62 64 64 64 64 64 64 64 64 63 63 63 63 67 67 67 67 67 67 67 67 61 61 61 61 58 58 58 58 49 49 49 49 59 59 59 59 58 58 58 58 43 43 43 43 38 38 38 38 45 45 45 45 47 47 47 47 49 49 49 49
99 99 99 99 89 89 89 89 87 87 87 87 79 79 79 79 74 74 74 74 66 66 66 66 65 65 65 65 64 64 64 64 62 62 62 62 64 64 64 64 64 64 64 64 63 63 63 63 67 67 67 67 67 67 67 67 61 61 61 61 58 58 58 58 49 49 49 49 59 59 59 59 58 58 58 58 43 43 43 43 38 38 38 38 45 45 45 45 47 47 47 47 49 49 49 49
102 102 102 102 99 99 99 99 94 94 94 94 89 89 89 89 83 83 83 83 74 74 74 74 67 67 67 67 68 68 68 68 77 77 77 77 74 74 74 74 73 73 73 73 72 72 72 72 69 69 69 69 66 66 66 66 67 67 67 67 59 59 59 59 60 60 60 60 64 64 64 64 64 64 64 64 49 49 49 49 40 40 40 40 38 38 38 38 43 43 43 43 53 53 53 53
102 102 102 102 99 99 99 99 94 94 94 94 89 89 89 89 83 83 83 83 74 74 74 74 67 67 67 67 68 68 68 68 77 77 77 77 74 74 74 74 73 73 73 73 72 72 72 72 69 69 69 69 66 66 66 66 67 67 67 67 59 59 59 59 60 60 60 60 64 64 64 64 64 64 64 64 49 49 49 49 40 40 40 40 38 38 38 38 43 43 43 43 53 53 53 53
102 102 102 102 99 99 99 99 94 94 94 94 89 89 89 89 83 83 83 83 74 74 74 74 67 67 67 67 68 68 68 68 77 77 77 77 74 74 74 74 73 73 73 73 72 72 72 72 69 69 69 69 66 66 66 66 67 67 67 67 59 59 59 59 60 60 60 60 64 64 64 64 64 64 64 64 49 49 49 49 40 40 40 40 38 38 38 38 43 43 43 43 53 53 53 53
102 102 102 102 99 99 99 99 94 94 94 94 89 89 89 89 83 83 83 83 74 74 74 74 67 67 67 67 68 68 68 68 77 77 77 77 74 74 74 74 73 73 73 73 72 72 72 72 69 69 69 69 66 66 66 66 67 67 67 67 59 59 59 59 60 60 60 60 64 64 64 64 64 64 64 64 49 49 49 49 40 40 40 40 38 38 38 38 43 43 43 43 53 53 53 53
105 105 105 105 104 104 104 104 101 101 101 101 98 98 98 98 93 93 93 93 82 82 82 82 69 69 69 69 86 86 86 86 90 90 90 90 85 85 85 85 86 86 86 86 87 87 87 87 82 82 82 82 74 74 74 74 63 63 63 63 58 58 58 58 62 62 62 62 63 63 63 63 64 64 64 64 53 53 53 53 47 47 47 47 47 47 47 47 37 37 37 37 49 49 49 49
105 105 105 105 104 104 104 104 101 101 101 101 98 98 98 98 93 93 93 93 82 82 82 82 69 69 69 69 86 86 86 86 90 90 90 90 85 85 85 85 86 86 86 86 87 87 87 87 82 82 82 82 74 74 74 74 63 63 63 63 58 58 58 58 62 62 62 62 63 63 63 63 64 64 64 64 53 53 53 53 47 47 47 47 47 47 47 47 37 37 37 37 49 49 49 49
105 105 105 105 104 104 104 104 101 101 101 101 98 98 98 98 93 93 93 93 82 82 82 82 69 69 69 69 86 86 86 86 90 90 90 90 85 85 85 85 86 86 86 86 87 87 87 87 82 82 82 82 74 74 74 74 63 63 63 63 58 58 58 58 62 62 62 62 63 63 63 63 64 64 64 64 53 53 53 53 47 47 47 47 47 47 47 47 37 37 37 37 49 49 49 49
105 105 105 105 104 104 104 104 101 101 101 101 98 98 98 98 93 93 93 93 82 82 82 82 69 69 69 69 86 86 86 86 90 90 90 90 85 85 85 85 86 86 86 86 87 87 87 87 82 82 82 82 74 74 74 74 63 63 63 63 58 58 58 58 62 62 62 62 63 63 63 63 64 64 64 64 53 53 53 53 47 47 47 47 47 47 47 47 37 37 37 37 49 49 49 49
107 107 107 107 103 103 103 103 102 102 102 102 101 101 101 101 96 96 96 96 86 86 86 86 95 95 95 95 99 99 99 99 96 96 96 96 93 93 93 93 89 89 89 89 91 91 91 91 83 83 83 83 78 78 78 78 70 70 70 70 61 61 61 61 62 62 62 62 63 63 63 63 61 61 61 61 58 58 58 58 59 59 59 59 59 59 59 59 43 43 43 43 46 46 46 46
107 107 107 107 103 103 103 103 102 102 102 102 101 101 101 101 96 96 96 96 86 86 86 86 95 95 95 95 99 99 99 99 96 96 96 96 93 93 93 93 89 89 89 89 91 91 91 91 83 83 83 83 78 78 78 78 70 70 70 70 61 61 61 61 62 62 62 62 63 63 63 63 61 61 61 61 58 58 58 58 59 59 59 59 59 59 59 59 43 43 43 43 46 46 46 46
107 107 107 107 103 103 103 103 102 102 102 102 101 101 101 101 96 96 96 96 86 86 86 86 95 95 95 95 99 99 99 99 96 96 96 96 93 93 93 93 89 89 89 89 91 91 91 91 83 83 83 83 78 78 78 78 70 70 70 70 61 61 61 61 62 62 62 62 63 63 63 63 61 61 61 61 58 58 58 58 59 59 59 59 59 59 59 59 43 43 43 43 46 46 46 46
107 107 107 107 103 103 103 103 102 102 102 102 101 101 101 101 96 96 96 96 86 86 86 86 95 95 95 95 99 99 99 99 96 96 96 96 93 93 93 93 89 89 89 89 91 91 91 91 83 83 83 83 78 78 78 78 70 70 70 70 61 61 61 61 62 62 62 62 63 63 63 63 61 61 61 61 58 58 58 58 59 59 59 59 59 59 59 59 43 43 43 43 46 46 46 46
102 102 102 102 89 89 89 89 98 98 98 98 100 100 100 100 93 93 93 93 97 97 97 97 102 102 102 102 100 100 100 100 93 93 93 93 91 91 91 91 85 85 85 85 84 84 84 84 82 82 82 82 76 76 76 76 69 69 69 69 73 73 73 73 70 70 70 70 67 67 67 67 63 63 63 63 63 63 63 63 63 63 63 63 65 65 65 65 61 61 61 61 41 41 41 41
102 102 102 102 89 89 89 89 98 98 98 98 100 100 100 100 93 93 93 93 97 97 97 97 102 102 102 102 100 100 100 100 93 93 93 93 91 91 91 91 85 85 85 85 84 84 84 84 82 82 82 82 76 76 76 76 69 69 69 69 73 73 73 73 70 70 70 70 67 67 67 67 63 63 63 63 63 63 63 63 63 63 63 63 65 65 65 65 61 61 61 61 41 41 41 41
102 102 102 102 89 89 89 89 98 98 98 98 100 100 100 100 93 93 93 93 97 97 97 97 102 102 102 102 100 100 100 100 93 93 93 93 91 91 91 91 85 85 85 85 84 84 84 84 82 82 82 82 76 76 76 76 69 69 69 69 73 73 73 73 70 70 70 70 67 67 67 67 63 63 63 63 63 63 63 63 63 63 63 63 65 65 65 65 61 61 61 61 41 41 41 41
102 102 102 102 89 89 89 89 98 98 98 98 100 100 100 100 93 93 93 93 97 97 97 97 102 102 102 102 100 100 100 100 93 93 93 93 91 91 91 91 85 85 85 85 84 84 84 84 82 82 82 82 76 76 76 76 69 69 69 69 73 73 73 73 70 70 70 70 67 67 67 67 63 63 63 63 63 63 63 63 63 63 63 63 65 65 65 65 61 61 61 61 41 41 41 41
97 97 97 97 102 102 102 102 104 104 104 104 104 104 104 104 103 103 103 103 104 104 104 104 101 101 101 101 100 100 100 100 95 95 95 95 89 89 89 89 84 84 84 84 79 79 79 79 71 71 71 71 69 69 69 69 77 77 77 77 82 82 82 82 72 72 72 72 72 72 72 72 74 74 74 74 71 71 71 71 69 69 69 69 66 66 66 66 68 68 68 68 52 52 52 52
97 97 97 97 102 102 102 102 104 104 104 104 104 104 104 104 103 103 103 103 104 104 104 104 101 101 101 101 100 100 100 100 95 95 95 95 89 89 89 89 84 84 84 84 79 79 79 79 71 71 71 71 69 69 69 69 77 77 77 77 82 82 82 82 72 72 72 72 72 72 72 72 74 74 74 74 71 71 71 71 69 69 69 69 66 66 66 66 68 68 68 68 52 52 52 52
97 97 97 97 102 102 102 102 104 104 104 104 104 104 104 104 103 103 103 103 104 104 104 104 101 101 101 101 100 100 100 100 95 95 95 95 89 89 89 89 84 84 84 84 79 79 79 79 71 71 71 71 69 69 69 69 77 77 77 77 82 82 82 82 72 72 72 72 72 72 72 72 74 74 74 74 71 71 71 71 69 69 69 69 66 66 66 66 68 68 68 68 52 52 52 52
97 97 97 97 102 102 102 102 104 104 104 104 104 104 104 104 103 103 103 103 104 104 104 104 101 101 101 101 100 100 100 100 95 95 95 95 89 89 89 89 84 84 84 84 79 79 79 79 71 71 71 71 69 69 69 69 77 77 77 77 82 82 82 82 72 72 72 72 72 72 72 72 74 74 74 74 71 71 71 71 69 69 69 69 66 66 66 66 68 68 68 68 52 52 52 52
109 109 109 109 108 108 108 108 109 109 109 109 104 104 104 104 101 101 101 101 98 98 98 98 94 94 94 94 94 94 94 94 89 89 89 89 88 88 88 88 80 80 80 80 75 75 75 75 73 73 73 73 75 75 75 75 82 82 82 82 80 80 80 80 78 78 78 78 75 75 75 75 76 76 76 76 76 76 76 76 73 73 73 73 71 71 71 71 66 66 66 66 68 68 68 68
109 109 109 109 108 108 108 108 109 109 109 109 104 104 104 104 101 101 101 101 98 98 98 98 94 94 94 94 94 94 94 94 89 89 89 89 88 88 88 88 80 80 80 80 75 75 75 75 73 73 73 73 75 75 75 75 82 82 82 82 80 80 80 80 78 78 78 78 75 75 75 75 76 76 76 76 76 76 76 76 73 73 73 73 71 71 71 71 66 66 66 66 68 68 68 68
109 109 109 109 108 108 108 108 109 109 109 109 104 104 104 104 101 101 101 101 98 98 98 98 94 94 94 94 94 94 94 94 89 89 89 89 88 88 88 88 80 80 80 80 75 75 75 75 73 73 73 73 75 75 75 75 82 82 82 82 80 80 80 80 78 78 78 78 75 75 75 75 76 76 76 76 76 76 76 76 73 73 73 73 71 71 71 71 66 66 66 66 68 68 68 68
109 109 109 109 108 108 108 108 109 109 109 109 104 104 104 104 101 101 101 101 98 98 98 98 94 94 94 94 94 94 94 94 89 89 89 89 88 88 88 88 80 80 80 80 75 75 75 75 73 73 73 73 75 75 75 75 82 82 82 82 80 80 80 80 78 78 78 78 75 75 75 75 76 76 76 76 76 76 76 76 73 73 73 73 71 71 71 71 66 66 66 66 68 68 68 68
110 110 110 110 108 108 108 108 102 102 102 102 98 98 98 98 99 99 99 99 97 97 97 97 94 94 94 94 93 93 93 93 91 91 91 91 88 88 88 88 83 83 83 83 78 78 78 78 76 76 76 76 80 80 80 80 85 85 85 85 86 86 86 86 84 84 84 84 83 83 83 83 74 74 74 74 74 74 74 74 66 66 66 66 63 63 63 63 61 61 61 61 58 58 58 58
110 110 110 110 108 108 108 108 102 102 102 102 98 98 98 98 99 99 99 99 97 97 97 97 94 94 94 94 93 93 93 93 91 91 91 91 88 88 88 88 83 83 83 83 78 78 78 78 76 76 76 76 80 80 80 80 85 85 85 85 86 86 86 86 84 84 84 84 83 83 83 83 74 74 74 74 74 74 74 74 66 66 66 66 63 63 63 63 61 61 61 61 58 58 58 58
110 110 110 110 108 108 108 108 102 102 102 102 98 98 98 98 99 99 99 99 97 97 97 97 94 94 94 94 93 93 93 93 91 91 91 91 88 88 88 88 83 83 83 83 78 78 78 78 76 76 76 76 80 80 80 80 85 85 85 85 86 86 86 86 84 84 84 84 83 83 83 83 74 74 74 74 74 74 74 74 66 66 66 66 63 63 63 63 61 61 61 61 58 58 58 58
110 110 110 110 108 108 108 108 102 102 102 102 98 98 98 98 99 99 99 99 97 97 97 97 94 94 94 94 93 93 93 93 91 91 91 91 88 88 88 88 83 83 83 83 78 78 78 78 76 76 76 76 80 80 80 80 85 85 85 85 86 86 86 86 84 84 84 84 83 83 83 83 74 74 74 74 74 74 74 74 66 66 66 66 63 63 63 63 61 61 61 61 58 58 58 58
107 107 107 107 102 102 102 102 101 101 101 101 101 101 101 101 98 98 98 98 95 95 95 95 95 95 95 95 95 95 95 95 88 88 88 88 83 83 83 83 91 91 91 91 87 87 87 87 80 80 80 80 85 85 85 85 89 89 89 89 89 89 89 89 85 85 85 85 80 80 80 80 75 75 75 75 75 75 75 75 66 66 66 66 58 58 58 58 56 56 56 56 53 53 53 53
107 107 107 107 102 102 102 102 101 101 101 101 101 101 101 101 98 98 98 98 95 95 95 95 95 95 95 95 95 95 95 95 88 88 88 88 83 83 83 83 91 91 91 91 87 87 87 87 80 80 80 80 85 85 85 85 89 89 89 89 89 89 89 89 85 85 85 85 80 80 80 80 75 75 75 75 75 75 75 75 66 66 66 66 58 58 58 58 56 56 56 56 53 53 53 53
107 107 107 107 102 102 102 102 101 101 101 101 101 101 101 101 98 98 98 98 95 95 95 95 95 95 95 95 95 95 95 95 88 88 88 88 83 83 83 83 91 91 91 91 87 87 87 87 80 80 80 80 85 85 85 85 89 89 89 89 89 89 89 89 85 85 85 85 80 80 80 80 75 75 75 75 75 75 75 75 66 66 66 66 58 58 58 58 56 56 56 56 53 53 53 53
107 107 107 107 102 102 102 102 101 101 101 101 101 101 101 101 98 98 98 98 95 95 95 95 95 95 95 95 95 95 95 95 88 88 88 88 83 83 83 83 91 91 91 91 87 87 87 87 80 80 80 80 85 85 85 85 89 89 89 89 89 89 89 89 85 85 85 85 80 80 80 80 75 75 75 75 75 75 75 75 66 66 66 66 58 58 58 58 56 56 56 56 53 53 53 53
103 103 103 103 101 101 101 101 98 98 98 98 99 99 99 99 101 101 101 101 99 99 99 99 94 94 94 94 94 94 94 94 94 94 94 94 85 85 85 85 94 94 94 94 89 89 89 89 88 88 88 88 90 90 90 90 93 93 93 93 89 89 89 89 89 89 89 89 88 88 88 88 86 86 86 86 82 82 82 82 69 69 69 69 56 56 56 56 69 69 69 69 69 69 69 69
103 103 103 103 101 101 101 101 98 98 98 98 99 99 99 99 101 101 101 101 99 99 99 99 94 94 94 94 94 94 94 94 94 94 94 94 85 85 85 85 94 94 94 94 89 89 89 89 88 88 88 88 90 90 90 90 93 93 93 93 89 89 89 89 89 89 89 89 88 88 88 88 86 86 86 86 82 82 82 82 69 69 69 69 56 56 56 56 69 69 69 69 69 69 69 69
103 103 103 103 101 101 101 101 98 98 98 98 99 99 99 99 101 101 101 101 99 99 99 99 94 94 94 94 94 94 94 94 94 94 94 94 85 85 85 85 94 94 94 94 89 89 89 89 88 88 88 88 90 90 90 90 93 93 93 93 89 89 89 89 89 89 89 89 88 88 88 88 86 86 86 86 82 82 82 82 69 69 69 69 56 56 56 56 69 69 69 69 69 69 69 69
103 103 103 103 101 101 101 101 98 98 98 98 99 99 99 99 101 101 101 101 99 99 99 99 94 94 94 94 94 94 94 94 94 94 94 94 85 85 85 85 94 94 94 94 89 89 89 89 88 88 88 88 90 90 90 90 93 93 93 93 89 89 89 89 89 89 89 89 88 88 88 88 86 86 86 86 82 82 82 82 69 69 69 69 56 56 56 56 69 69 69 69 69 69 69 69
108 108 108 108 108 108 108 108 107 107 107 107 104 104 104 104 98 98 98 98 99 99 99 99 95 95 95 95 94 94 94 94 89 89 89 89 90 90 90 90 98 98 98 98 94 94 94 94 95 95 95 95 99 99 99 99 97 97 97 97 94 94 94 94 90 90 90 90 88 88 88 88 81 81 81 81 73 73 73 73 61 61 61 61 68 68 68 68 76 76 76 76 76 76 76 76
108 108 108 108 108 108 108 108 107 107 107 107 104 104 104 104 98 98 98 98 99 99 99 99 95 95 95 95 94 94 94 94 89 89 89 89 90 90 90 90 98 98 98 98 94 94 94 94 95 95 95 95 99 99 99 99 97 97 97 97 94 94 94 94 90 90 90 90 88 88 88 88 81 81 81 81 73 73 73 73 61 61 61 61 68 68 68 68 76 76 76 76 76 76 76 76
108 108 108 108 108 108 108 108 107 107 107 107 104 104 104 104 98 98 98 98 99 99 99 99 95 95 95 95 94 94 94 94 89 89 89 89 90 90 90 90 98 98 98 98 94 94 94 94 95 95 95 95 99 99 99 99 97 97 97 97 94 94 94 94 90 90 90 90 88 88 88 88 81 81 81 81 73 73 73 73 61 61 61 61 68 68 68 68 76 76 76 76 76 76 76 76
108 108 108 108 108 108 108 108 107 107 107 107 104 104 104 104 98 98 98 98 99 99 99 99 95 95 95 95 94 94 94 94 89 89 89 89 90 90 90 90 98 98 98 98 94 94 94 94 95 95 95 95 99 99 99 99 97 97 97 97 94 94 94 94 90 90 90 90 88 88 88 88 81 81 81 81 73 73 73 73 61 61 61 61 68 68 68 68 76 76 76 76 76 76 76 76
108 108 108 108 107 107 107 107 105 105 105 105 102 102 102 102 101 101 101 101 101 101 101 101 101 101 101 101 100 100 100 100 93 93 93 93 94 94 94 94 101 101 101 101 101 101 101 101 101 101 101 101 101 101 101 101 96 96 96 96 90 90 90 90 88 88 88 88 85 85 85 85 83 83 83 83 71 71 71 71 63 63 63 63 74 74 74 74 75 75 75 75 79 79 79 79
108 108 108 108 107 107 107 107 105 105 105 105 102 102 102 102 101 101 101 101 101 101 101 101 101 101 101 101 100 100 100 100 93 93 93 93 94 94 94 94 101 101 101 101 101 101 101 101 101 101 101 101 101 101 101 101 96 96 96 96 90 90 90 90 88 88 88 88 85 85 85 85 83 83 83 83 71 71 71 71 63 63 63 63 74 74 74 74 75 75 75 75 79 79 79 79
108 108 108 108 107 107 107 107 105 105 105 105 102 102 102 102 101 101 101 101 101 101 101 101 101 101 101 101 100 100 100 100 93 93 93 93 94 94 94 94 101 101 101 101 101 101 101 101 101 101 101 101 101 101 101 101 96 96 96 96 90 90 90 90 88 88 88 88 85 85 85 85 83 83 83 83 71 71 71 71 63 63 63 63 74 74 74 74 75 75 75 75 79 79 79 79
108 108 108 108 107 107 107 107 105 105 105 105 102 102 102 102 101 101 101 101 101 101 101 101 101 101 101 101 100 100 100 100 93 93 93 93 94 94 94 94 101 101 101 101 101 101 101 101 101 101 101 101 101 101 101 101 96 96 96 96 90 90 90 90 88 88 88 88 85 85 85 85 83 83 83 83 71 71 71 71 63 63 63 63 74 74 74 74 75 75 75 75 79 79 79 79
109 109 109 109 104 104 104 104 103 103 103 103 102 102 102 102 100 100 100 100 98 98 98 98 100 100 100 100 96 96 96 96 95 95 95 95 100 100 100 100 101 101 101 101 101 101 101 101 101 101 101 101 99 99 99 99 94 94 94 94 89 89 89 89 85 85 85 85 82 82 82 82 74 74 74 74 61 61 61 61 64 64 64 64 69 69 69 69 70 70 70 70 72 72 72 72
109 109 109 109 104 104 104 104 103 103 103 103 102 102 102 102 100 100 100 100 98 98 98 98 100 100 100 100 96 96 96 96 95 95 95 95 100 100 100 100 101 101 101 101 101 101 101 101 101 101 101 101 99 99 99 99 94 94 94 94 89 89 89 89 85 85 85 85 82 82 82 82 74 74 74 74 61 61 61 61 64 64 64 64 69 69 69 69 70 70 70 70 72 72 72 72
109 109 109 109 104 104 104 104 103 103 103 103 102 102 102 102 100 100 100 100 98 98 98 98 100 100 100 100 96 96 96 96 95 95 95 95 100 100 100 100 101 101 101 101 101 101 101 101 101 101 101 101 99 99 99 99 94 94 94 94 89 89 89 89 85 85 85 85 82 82 82 82 74 74 74 74 61 61 61 61 64 64 64 64 69 69 69 69 70 70 70 70 72 72 72 72
109 109 109 109 104 104 104 104 103 103 103 103 102 102 102 102 100 100 100 100 98 98 98 98 100 100 100 100 96 96 96 96 95 95 95 95 100 100 100 100 101 101 101 101 101 101 101 101 101 101 101 101 99 99 99 99 94 94 94 94 89 89 89 89 85 85 85 85 82 82 82 82 74 74 74 74 61 61 61 61 64 64 64 64 69 69 69 69 70 70 70 70 72 72 72 72
106 106 106 106 109 109 109 109 107 107 107 107 105 105 105 105 105 105 105 105 102 102 102 102 98 98 98 98 96 96 96 96 94 94 94 94 94 94 94 94 94 94 94 94 92 92 92 92 94 94 94 94 94 94 94 94 89 89 89 89 87 87 87 87 86 86 86 86 78 78 78 78 66 66 66 66 58 58 58 58 67 67 67 67 73 73 73 73 70 70 70 70 69 69 69 69
106 106 106 106 109 109 109 109 107 107 107 107 105 105 105 105 105 105 105 105 102 102 102 102 98 98 98 98 96 96 96 96 94 94 94 94 94 94 94 94 94 94 94 94 92 92 92 92 94 94 94 94 94 94 94 94 89 89 89 89 87 87 87 87 86 86 86 86 78 78 78 78 66 66 66 66 58 58 58 58 67 67 67 67 73 73 73 73 70 70 70 70 69 69 69 69
106 106 106 106 109 109 109 109 107 107 107 107 105 105 105 105 105 105 105 105 102 102 102 102 98 98 98 98 96 96 96 96 94 94 94 94 94 94 94 94 94 94 94 94 92 92 92 92 94 94 94 94 94 94 94 94 89 89 89 89 87 87 87 87 86 86 86 86 78 78 78 78 66 66 66 66 58 58 58 58 67 67 67 67 73 73 73 73 70 70 70 70 69 69 69 69
106 106 106 106 109 109 109 109 107 107 107 107 105 105 105 105 105 105 105 105 102 102 102 102 98 98 98 98 96 96 96 96 94 94 94 94 94 94 94 94 94 94 94 94 92 92 92 92 94 94 94 94 94 94 94 94 89 89 89 89 87 87 87 87 86 86 86 86 78 78 78 78 66 66 66 66 58 58 58 58 67 67 67 67 73 73 73 73 70 70 70 70 69 69 69 69
106 106 106 106 108 108 108 108 109 109 109 109 107 107 107 107 104 104 104 104 101 101 101 101 89 89 89 89 89 89 89 89 96 96 96 96 90 90 90 90 85 85 85 85 87 87 87 87 80 80 80 80 81 81 81 81 74 74 74 74 69 69 69 69 71 71 71 71 69 69 69 69 63 63 63 63 69 69 69 69 74 74 74 74 77 77 77 77 74 74 74 74 71 71 71 71
106 106 106 106 108 108 108 108 109 109 109 109 107 107 107 107 104 104 104 104 101 101 101 101 89 89 89 89 89 89 89 89 96 96 96 96 90 90 90 90 85 85 85 85 87 87 87 87 80 80 80 80 81 81 81 81 74 74 74 74 69 69 69 69 71 71 71 71 69 69 69 69 63 63 63 63 69 69 69 69 74 74 74 74 77 77 77 77 74 74 74 74 71 71 71 71
