Example_case_study_data/Berlin/elevation_berlin_250.asc
ncols        992
nrows        1019
xllcorner    4404750.000000000000
yllcorner    3139250.000000000000
cellsize     250.000000000000
NODATA_value    -9999
[rows 870 to 927 of 1019, columns 384 to 479 of 992]
58 58 58 58 53 53 53 53 52 52 52 52 48 48 48 48 46 46 46 46 47 47 47 47 42 42 42 42 36 36 36 36 33 33 33 33 30 30 30 30 31 31 31 31 33 33 33 33 33 33 33 33 30 30 30 30 27 27 27 27 23 23 23 23 24 24 24 24 24 24 24 24 24 24 24 24 24 24 24 24 24 24 24 24 24 24 24 24 24 24 24 24 24 24 24 24
58 58 58 58 53 53 53 53 52 52 52 52 48 48 48 48 46 46 46 46 47 47 47 47 42 42 42 42 36 36 36 36 33 33 33 33 30 30 30 30 31 31 31 31 33 33 33 33 33 33 33 33 30 30 30 30 27 27 27 27 23 23 23 23 24 24 24 24 24 24 24 24 24 24 24 24 24 24 24 24 24 24 24 24 24 24 24 24 24 24 24 24 24 24 24 24
55 55 55 55 60 60 60 60 56 56 56 56 50 50 50 50 51 51 51 51 54 54 54 54 45 45 45 45 37 37 37 37 36 36 36 36 32 32 32 32 36 36 36 36 33 33 33 33 30 30 30 30 31 31 31 31 27 27 27 27 23 23 23 23 24 24 24 24 24 24 24 24 24 24 24 24 24 24 24 24 23 23 23 23 24 24 24 24 23 23 23 23 24 24 24 24
55 55 55 55 60 60 60 60 56 56 56 56 50 50 50 50 51 51 51 51 54 54 54 54 45 45 45 45 37 37 37 37 36 36 36 36 32 32 32 32 36 36 36 36 33 33 33 33 30 30 30 30 31 31 31 31 27 27 27 27 23 23 23 23 24 24 24 24 24 24 24 24 24 24 24 24 24 24 24 24 23 23 23 23 24 24 24 24 23 23 23 23 24 24 24 24
55 55 55 55 60 60 60 60 56 56 56 56 50 50 50 50 51 51 51 51 54 54 54 54 45 45 45 45 37 37 37 37 36 36 36 36 32 32 32 32 36 36 36 36 33 33 33 33 30 30 30 30 31 31 31 31 27 27 27 27 23 23 23 23 24 24 24 24 24 24 24 24 24 24 24 24 24 24 24 24 23 23 23 23 24 24 24 24 23 23 23 23 24 24 24 24
55 55 55 55 60 60 60 60 56 56 56 56 50 50 50 50 51 51 51 51 54 54 54 54 45 45 45 45 37 37 37 37 36 36 36 36 32 32 32 32 36 36 36 36 33 33 33 33 30 30 30 30 31 31 31 31 27 27 27 27 23 23 23 23 24 24 24 24 24 24 24 24 24 24 24 24 24 24 24 24 23 23 23 23 24 24 24 24 23 23 23 23 24 24 24 24
52 52 52 52 61 61 61 61 59 59 59 59 58 58 58 58 57 57 57 57 58 58 58 58 47 47 47 47 42 42 42 42 39 39 39 39 39 39 39 39 39 39 39 39 36 36 36 36 30 30 30 30 31 31 31 31 31 31 31 31 23 23 23 23 23 23 23 23 23 23 23 23 23 23 23 23 23 23 23 23 23 23 23 23 23 23 23 23 23 23 23 23 23 23 23 23
52 52 52 52 61 61 61 61 59 59 59 59 58 58 58 58 57 57 57 57 58 58 58 58 47 47 47 47 42 42 42 42 39 39 39 39 39 39 39 39 39 39 39 39 36 36 36 36 30 30 30 30 31 31 31 31 31 31 31 31 23 23 23 23 23 23 23 23 23 23 23 23 23 23 23 23 23 23 23 23 23 23 23 23 23 23 23 23 23 23 23 23 23 23 23 23
52 52 52 52 61 61 61 61 59 59 59 59 58 58 58 58 57 57 57 57 58 58 58 58 47 47 47 47 42 42 42 42 39 39 39 39 39 39 39 39 39 39 39 39 36 36 36 36 30 30 30 30 31 31 31 31 31 31 31 31 23 23 23 23 23 23 23 23 23 23 23 23 23 23 23 23 23 23 23 23 23 23 23 23 23 23 23 23 23 23 23 23 23 23 23 23
52 52 52 52 61 61 61 61 59 59 59 59 58 58 58 58 57 57 57 57 58 58 58 58 47 47 47 47 42 42 42 42 39 39 39 39 39 39 39 39 39 39 39 39 36 36 36 36 30 30 30 30 31 31 31 31 31 31 31 31 23 23 23 23 23 23 23 23 23 23 23 23 23 23 23 23 23 23 23 23 23 23 23 23 23 23 23 23 23 23 23 23 23 23 23 23
55 55 55 55 61 61 61 61 59 59 59 59 58 58 58 58 58 58 58 58 55 55 55 55 47 47 47 47 44 44 44 44 44 44 44 44 46 46 46 46 43 43 43 43 40 40 40 40 38 38 38 38 32 32 32 32 30 30 30 30 27 27 27 27 23 23 23 23 23 23 23 23 23 23 23 23 23 23 23 23 23 23 23 23 23 23 23 23 23 23 23 23 23 23 23 23
55 55 55 55 61 61 61 61 59 59 59 59 58 58 58 58 58 58 58 58 55 55 55 55 47 47 47 47 44 44 44 44 44 44 44 44 46 46 46 46 43 43 43 43 40 40 40 40 38 38 38 38 32 32 32 32 30 30 30 30 27 27 27 27 23 23 23 23 23 23 23 23 23 23 23 23 23 23 23 23 23 23 23 23 23 23 23 23 23 23 23 23 23 23 23 23
55 55 55 55 61 61 61 61 59 59 59 59 58 58 58 58 58 58 58 58 55 55 55 55 47 47 47 47 44 44 44 44 44 44 44 44 46 46 46 46 43 43 43 43 40 40 40 40 38 38 38 38 32 32 32 32 30 30 30 30 27 27 27 27 23 23 23 23 23 23 23 23 23 23 23 23 23 23 23 23 23 23 23 23 23 23 23 23 23 23 23 23 23 23 23 23
55 55 55 55 61 61 61 61 59 59 59 59 58 58 58 58 58 58 58 58 55 55 55 55 47 47 47 47 44 44 44 44 44 44 44 44 46 46 46 46 43 43 43 43 40 40 40 40 38 38 38 38 32 32 32 32 30 30 30 30 27 27 27 27 23 23 23 23 23 23 23 23 23 23 23 23 23 23 23 23 23 23 23 23 23 23 23 23 23 23 23 23 23 23 23 23
48 48 48 48 52 52 52 52 52 52 52 52 53 53 53 53 55 55 55 55 58 58 58 58 57 57 57 57 45 45 45 45 44 44 44 44 45 45 45 45 47 47 47 47 45 45 45 45 42 42 42 42 38 38 38 38 32 32 32 32 30 30 30 30 29 29 29 29 23 23 23 23 24 24 24 24 23 23 23 23 23 23 23 23 23 23 23 23 23 23 23 23 23 23 23 23
48 48 48 48 52 52 52 52 52 52 52 52 53 53 53 53 55 55 55 55 58 58 58 58 57 57 57 57 45 45 45 45 44 44 44 44 45 45 45 45 47 47 47 47 45 45 45 45 42 42 42 42 38 38 38 38 32 32 32 32 30 30 30 30 29 29 29 29 23 23 23 23 24 24 24 24 23 23 23 23 23 23 23 23 23 23 23 23 23 23 23 23 23 23 23 23
48 48 48 48 52 52 52 52 52 52 52 52 53 53 53 53 55 55 55 55 58 58 58 58 57 57 57 57 45 45 45 45 44 44 44 44 45 45 45 45 47 47 47 47 45 45 45 45 42 42 42 42 38 38 38 38 32 32 32 32 30 30 30 30 29 29 29 29 23 23 23 23 24 24 24 24 23 23 23 23 23 23 23 23 23 23 23 23 23 23 23 23 23 23 23 23
48 48 48 48 52 52 52 52 52 52 52 52 53 53 53 53 55 55 55 55 58 58 58 58 57 57 57 57 45 45 45 45 44 44 44 44 45 45 45 45 47 47 47 47 45 45 45 45 42 42 42 42 38 38 38 38 32 32 32 32 30 30 30 30 29 29 29 29 23 23 23 23 24 24 24 24 23 23 23 23 23 23 23 23 23 23 23 23 23 23 23 23 23 23 23 23
44 44 44 44 48 48 48 48 50 50 50 50 48 48 48 48 48 48 48 48 51 51 51 51 58 58 58 58 55 55 55 55 45 45 45 45 44 44 44 44 43 43 43 43 45 45 45 45 45 45 45 45 45 45 45 45 41 41 41 41 36 36 36 36 30 30 30 30 25 25 25 25 23 23 23 23 23 23 23 23 23 23 23 23 23 23 23 23 25 25 25 25 25 25 25 25
44 44 44 44 48 48 48 48 50 50 50 50 48 48 48 48 48 48 48 48 51 51 51 51 58 58 58 58 55 55 55 55 45 45 45 45 44 44 44 44 43 43 43 43 45 45 45 45 45 45 45 45 45 45 45 45 41 41 41 41 36 36 36 36 30 30 30 30 25 25 25 25 23 23 23 23 23 23 23 23 23 23 23 23 23 23 23 23 25 25 25 25 25 25 25 25
44 44 44 44 48 48 48 48 50 50 50 50 48 48 48 48 48 48 48 48 51 51 51 51 58 58 58 58 55 55 55 55 45 45 45 45 44 44 44 44 43 43 43 43 45 45 45 45 45 45 45 45 45 45 45 45 41 41 41 41 36 36 36 36 30 30 30 30 25 25 25 25 23 23 23 23 23 23 23 23 23 23 23 23 23 23 23 23 25 25 25 25 25 25 25 25
44 44 44 44 48 48 48 48 50 50 50 50 48 48 48 48 48 48 48 48 51 51 51 51 58 58 58 58 55 55 55 55 45 45 45 45 44 44 44 44 43 43 43 43 45 45 45 45 45 45 45 45 45 45 45 45 41 41 41 41 36 36 36 36 30 30 30 30 25 25 25 25 23 23 23 23 23 23 23 23 23 23 23 23 23 23 23 23 25 25 25 25 25 25 25 25
42 42 42 42 43 43 43 43 45 45 45 45 46 46 46 46 45 45 45 45 46 46 46 46 50 50 50 50 51 51 51 51 48 48 48 48 47 47 47 47 42 42 42 42 41 41 41 41 40 40 40 40 40 40 40 40 42 42 42 42 39 39 39 39 32 32 32 32 31 31 31 31 25 25 25 25 23 23 23 23 23 23 23 23 23 23 23 23 25 25 25 25 28 28 28 28
42 42 42 42 43 43 43 43 45 45 45 45 46 46 46 46 45 45 45 45 46 46 46 46 50 50 50 50 51 51 51 51 48 48 48 48 47 47 47 47 42 42 42 42 41 41 41 41 40 40 40 40 40 40 40 40 42 42 42 42 39 39 39 39 32 32 32 32 31 31 31 31 25 25 25 25 23 23 23 23 23 23 23 23 23 23 23 23 25 25 25 25 28 28 28 28
42 42 42 42 43 43 43 43 45 45 45 45 46 46 46 46 45 45 45 45 46 46 46 46 50 50 50 50 51 51 51 51 48 48 48 48 47 47 47 47 42 42 42 42 41 41 41 41 40 40 40 40 40 40 40 40 42 42 42 42 39 39 39 39 32 32 32 32 31 31 31 31 25 25 25 25 23 23 23 23 23 23 23 23 23 23 23 23 25 25 25 25 28 28 28 28
42 42 42 42 43 43 43 43 45 45 45 45 46 46 46 46 45 45 45 45 46 46 46 46 50 50 50 50 51 51 51 51 48 48 48 48 47 47 47 47 42 42 42 42 41 41 41 41 40 40 40 40 40 40 40 40 42 42 42 42 39 39 39 39 32 32 32 32 31 31 31 31 25 25 25 25 23 23 23 23 23 23 23 23 23 23 23 23 25 25 25 25 28 28 28 28
40 40 40 40 37 37 37 37 41 41 41 41 43 43 43 43 44 44 44 44 43 43 43 43 45 45 45 45 46 46 46 46 45 45 45 45 44 44 44 44 42 42 42 42 40 40 40 40 38 38 38 38 39 39 39 39 38 38 38 38 36 36 36 36 32 32 32 32 31 31 31 31 27 27 27 27 25 25 25 25 23 23 23 23 23 23 23 23 25 25 25 25 25 25 25 25
40 40 40 40 37 37 37 37 41 41 41 41 43 43 43 43 44 44 44 44 43 43 43 43 45 45 45 45 46 46 46 46 45 45 45 45 44 44 44 44 42 42 42 42 40 40 40 40 38 38 38 38 39 39 39 39 38 38 38 38 36 36 36 36 32 32 32 32 31 31 31 31 27 27 27 27 25 25 25 25 23 23 23 23 23 23 23 23 25 25 25 25 25 25 25 25
40 40 40 40 37 37 37 37 41 41 41 41 43 43 43 43 44 44 44 44 43 43 43 43 45 45 45 45 46 46 46 46 45 45 45 45 44 44 44 44 42 42 42 42 40 40 40 40 38 38 38 38 39 39 39 39 38 38 38 38 36 36 36 36 32 32 32 32 31 31 31 31 27 27 27 27 25 25 25 25 23 23 23 23 23 23 23 23 25 25 25 25 25 25 25 25
40 40 40 40 37 37 37 37 41 41 41 41 43 43 43 43 44 44 44 44 43 43 43 43 45 45 45 45 46 46 46 46 45 45 45 45 44 44 44 44 42 42 42 42 40 40 40 40 38 38 38 38 39 39 39 39 38 38 38 38 36 36 36 36 32 32 32 32 31 31 31 31 27 27 27 27 25 25 25 25 23 23 23 23 23 23 23 23 25 25 25 25 25 25 25 25
39 39 39 39 39 39 39 39 40 40 40 40 42 42 42 42 42 42 42 42 43 43 43 43 43 43 43 43 43 43 43 43 42 42 42 42 43 43 43 43 41 41 41 41 39 39 39 39 34 34 34 34 36 36 36 36 32 32 32 32 38 38 38 38 32 32 32 32 33 33 33 33 31 31 31 31 28 28 28 28 25 25 25 25 25 25 25 25 25 25 25 25 25 25 25 25
39 39 39 39 39 39 39 39 40 40 40 40 42 42 42 42 42 42 42 42 43 43 43 43 43 43 43 43 43 43 43 43 42 42 42 42 43 43 43 43 41 41 41 41 39 39 39 39 34 34 34 34 36 36 36 36 32 32 32 32 38 38 38 38 32 32 32 32 33 33 33 33 31 31 31 31 28 28 28 28 25 25 25 25 25 25 25 25 25 25 25 25 25 25 25 25
39 39 39 39 39 39 39 39 40 40 40 40 42 42 42 42 42 42 42 42 43 43 43 43 43 43 43 43 43 43 43 43 42 42 42 42 43 43 43 43 41 41 41 41 39 39 39 39 34 34 34 34 36 36 36 36 32 32 32 32 38 38 38 38 32 32 32 32 33 33 33 33 31 31 31 31 28 28 28 28 25 25 25 25 25 25 25 25 25 25 25 25 25 25 25 25
39 39 39 39 39 39 39 39 40 40 40 40 42 42 42 42 42 42 42 42 43 43 43 43 43 43 43 43 43 43 43 43 42 42 42 42 43 43 43 43 41 41 41 41 39 39 39 39 34 34 34 34 36 36 36 36 32 32 32 32 38 38 38 38 32 32 32 32 33 33 33 33 31 31 31 31 28 28 28 28 25 25 25 25 25 25 25 25 25 25 25 25 25 25 25 25
38 38 38 38 39 39 39 39 40 40 40 40 41 41 41 41 43 43 43 43 43 43 43 43 40 40 40 40 40 40 40 40 40 40 40 40 42 42 42 42 41 41 41 41 37 37 37 37 38 38 38 38 38 38 38 38 38 38 38 38 38 38 38 38 32 32 32 32 32 32 32 32 31 31 31 31 29 29 29 29 28 28 28 28 25 25 25 25 25 25 25 25 25 25 25 25
38 38 38 38 39 39 39 39 40 40 40 40 41 41 41 41 43 43 43 43 43 43 43 43 40 40 40 40 40 40 40 40 40 40 40 40 42 42 42 42 41 41 41 41 37 37 37 37 38 38 38 38 38 38 38 38 38 38 38 38 38 38 38 38 32 32 32 32 32 32 32 32 31 31 31 31 29 29 29 29 28 28 28 28 25 25 25 25 25 25 25 25 25 25 25 25
38 38 38 38 39 39 39 39 40 40 40 40 41 41 41 41 43 43 43 43 43 43 43 43 40 40 40 40 40 40 40 40 40 40 40 40 42 42 42 42 41 41 41 41 37 37 37 37 38 38 38 38 38 38 38 38 38 38 38 38 38 38 38 38 32 32 32 32 32 32 32 32 31 31 31 31 29 29 29 29 28 28 28 28 25 25 25 25 25 25 25 25 25 25 25 25
38 38 38 38 39 39 39 39 40 40 40 40 41 41 41 41 43 43 43 43 43 43 43 43 40 40 40 40 40 40 40 40 40 40 40 40 42 42 42 42 41 41 41 41 37 37 37 37 38 38 38 38 38 38 38 38 38 38 38 38 38 38 38 38 32 32 32 32 32 32 32 32 31 31 31 31 29 29 29 29 28 28 28 28 25 25 25 25 25 25 25 25 25 25 25 25
34 34 34 34 38 38 38 38 38 38 38 38 39 39 39 39 41 41 41 41 42 42 42 42 40 40 40 40 39 39 39 39 37 37 37 37 41 41 41 41 41 41 41 41 42 42 42 42 41 41 41 41 37 37 37 37 37 37 37 37 39 39 39 39 38 38 38 38 36 36 36 36 30 30 30 30 27 27 27 27 29 29 29 29 28 28 28 28 25 25 25 25 25 25 25 25
34 34 34 34 38 38 38 38 38 38 38 38 39 39 39 39 41 41 41 41 42 42 42 42 40 40 40 40 39 39 39 39 37 37 37 37 41 41 41 41 41 41 41 41 42 42 42 42 41 41 41 41 37 37 37 37 37 37 37 37 39 39 39 39 38 38 38 38 36 36 36 36 30 30 30 30 27 27 27 27 29 29 29 29 28 28 28 28 25 25 25 25 25 25 25 25
34 34 34 34 38 38 38 38 38 38 38 38 39 39 39 39 41 41 41 41 42 42 42 42 40 40 40 40 39 39 39 39 37 37 37 37 41 41 41 41 41 41 41 41 42 42 42 42 41 41 41 41 37 37 37 37 37 37 37 37 39 39 39 39 38 38 38 38 36 36 36 36 30 30 30 30 27 27 27 27 29 29 29 29 28 28 28 28 25 25 25 25 25 25 25 25
34 34 34 34 38 38 38 38 38 38 38 38 39 39 39 39 41 41 41 41 42 42 42 42 40 40 40 40 39 39 39 39 37 37 37 37 41 41 41 41 41 41 41 41 42 42 42 42 41 41 41 41 37 37 37 37 37 37 37 37 39 39 39 39 38 38 38 38 36 36 36 36 30 30 30 30 27 27 27 27 29 29 29 29 28 28 28 28 25 25 25 25 25 25 25 25
33 33 33 33 36 36 36 36 38 38 38 38 38 38 38 38 37 37 37 37 40 40 40 40 39 39 39 39 38 38 38 38 39 39 39 39 37 37 37 37 40 40 40 40 42 42 42 42 43 43 43 43 43 43 43 43 42 42 42 42 43 43 43 43 45 45 45 45 42 42 42 42 38 38 38 38 33 33 33 33 31 31 31 31 27 27 27 27 25 25 25 25 25 25 25 25
33 33 33 33 36 36 36 36 38 38 38 38 38 38 38 38 37 37 37 37 40 40 40 40 39 39 39 39 38 38 38 38 39 39 39 39 37 37 37 37 40 40 40 40 42 42 42 42 43 43 43 43 43 43 43 43 42 42 42 42 43 43 43 43 45 45 45 45 42 42 42 42 38 38 38 38 33 33 33 33 31 31 31 31 27 27 27 27 25 25 25 25 25 25 25 25
33 33 33 33 36 36 36 36 38 38 38 38 38 38 38 38 37 37 37 37 40 40 40 40 39 39 39 39 38 38 38 38 39 39 39 39 37 37 37 37 40 40 40 40 42 42 42 42 43 43 43 43 43 43 43 43 42 42 42 42 43 43 43 43 45 45 45 45 42 42 42 42 38 38 38 38 33 33 33 33 31 31 31 31 27 27 27 27 25 25 25 25 25 25 25 25
33 33 33 33 36 36 36 36 38 38 38 38 38 38 38 38 37 37 37 37 40 40 40 40 39 39 39 39 38 38 38 38 39 39 39 39 37 37 37 37 40 40 40 40 42 42 42 42 43 43 43 43 43 43 43 43 42 42 42 42 43 43 43 43 45 45 45 45 42 42 42 42 38 38 38 38 33 33 33 33 31 31 31 31 27 27 27 27 25 25 25 25 25 25 25 25
30 30 30 30 30 30 30 30 32 32 32 32 38 38 38 38 38 38 38 38 40 40 40 40 37 37 37 37 38 38 38 38 38 38 38 38 39 39 39 39 41 41 41 41 44 44 44 44 45 45 45 45 46 46 46 46 45 45 45 45 45 45 45 45 45 45 45 45 45 45 45 45 40 40 40 40 36 36 36 36 30 30 30 30 31 31 31 31 27 27 27 27 25 25 25 25
30 30 30 30 30 30 30 30 32 32 32 32 38 38 38 38 38 38 38 38 40 40 40 40 37 37 37 37 38 38 38 38 38 38 38 38 39 39 39 39 41 41 41 41 44 44 44 44 45 45 45 45 46 46 46 46 45 45 45 45 45 45 45 45 45 45 45 45 45 45 45 45 40 40 40 40 36 36 36 36 30 30 30 30 31 31 31 31 27 27 27 27 25 25 25 25
30 30 30 30 30 30 30 30 32 32 32 32 38 38 38 38 38 38 38 38 40 40 40 40 37 37 37 37 38 38 38 38 38 38 38 38 39 39 39 39 41 41 41 41 44 44 44 44 45 45 45 45 46 46 46 46 45 45 45 45 45 45 45 45 45 45 45 45 45 45 45 45 40 40 40 40 36 36 36 36 30 30 30 30 31 31 31 31 27 27 27 27 25 25 25 25
30 30 30 30 30 30 30 30 32 32 32 32 38 38 38 38 38 38 38 38 40 40 40 40 37 37 37 37 38 38 38 38 38 38 38 38 39 39 39 39 41 41 41 41 44 44 44 44 45 45 45 45 46 46 46 46 45 45 45 45 45 45 45 45 45 45 45 45 45 45 45 45 40 40 40 40 36 36 36 36 30 30 30 30 31 31 31 31 27 27 27 27 25 25 25 25
30 30 30 30 30 30 30 30 30 30 30 30 32 32 32 32 38 38 38 38 37 37 37 37 37 37 37 37 38 38 38 38 38 38 38 38 37 37 37 37 43 43 43 43 45 45 45 45 45 45 45 45 44 44 44 44 42 42 42 42 42 42 42 42 43 43 43 43 43 43 43 43 41 41 41 41 38 38 38 38 38 38 38 38 32 32 32 32 31 31 31 31 25 25 25 25
30 30 30 30 30 30 30 30 30 30 30 30 32 32 32 32 38 38 38 38 37 37 37 37 37 37 37 37 38 38 38 38 38 38 38 38 37 37 37 37 43 43 43 43 45 45 45 45 45 45 45 45 44 44 44 44 42 42 42 42 42 42 42 42 43 43 43 43 43 43 43 43 41 41 41 41 38 38 38 38 38 38 38 38 32 32 32 32 31 31 31 31 25 25 25 25
30 30 30 30 30 30 30 30 30 30 30 30 32 32 32 32 38 38 38 38 37 37 37 37 37 37 37 37 38 38 38 38 38 38 38 38 37 37 37 37 43 43 43 43 45 45 45 45 45 45 45 45 44 44 44 44 42 42 42 42 42 42 42 42 43 43 43 43 43 43 43 43 41 41 41 41 38 38 38 38 38 38 38 38 32 32 32 32 31 31 31 31 25 25 25 25
30 30 30 30 30 30 30 30 30 30 30 30 32 32 32 32 38 38 38 38 37 37 37 37 37 37 37 37 38 38 38 38 38 38 38 38 37 37 37 37 43 43 43 43 45 45 45 45 45 45 45 45 44 44 44 44 42 42 42 42 42 42 42 42 43 43 43 43 43 43 43 43 41 41 41 41 38 38 38 38 38 38 38 38 32 32 32 32 31 31 31 31 25 25 25 25
33 33 33 33 33 33 33 33 30 30 30 30 30 30 30 30 32 32 32 32 34 34 34 34 38 38 38 38 34 34 34 34 38 38 38 38 38 38 38 38 37 37 37 37 42 42 42 42 42 42 42 42 37 37 37 37 38 38 38 38 38 38 38 38 40 40 40 40 41 41 41 41 40 40 40 40 40 40 40 40 43 43 43 43 38 38 38 38 30 30 30 30 27 27 27 27
33 33 33 33 33 33 33 33 30 30 30 30 30 30 30 30 32 32 32 32 34 34 34 34 38 38 38 38 34 34 34 34 38 38 38 38 38 38 38 38 37 37 37 37 42 42 42 42 42 42 42 42 37 37 37 37 38 38 38 38 38 38 38 38 40 40 40 40 41 41 41 41 40 40 40 40 40 40 40 40 43 43 43 43 38 38 38 38 30 30 30 30 27 27 27 27
33 33 33 33 33 33 33 33 30 30 30 30 30 30 30 30 32 32 32 32 34 34 34 34 38 38 38 38 34 34 34 34 38 38 38 38 38 38 38 38 37 37 37 37 42 42 42 42 42 42 42 42 37 37 37 37 38 38 38 38 38 38 38 38 40 40 40 40 41 41 41 41 40 40 40 40 40 40 40 40 43 43 43 43 38 38 38 38 30 30 30 30 27 27 27 27
33 33 33 33 33 33 33 33 30 30 30 30 30 30 30 30 32 32 32 32 34 34 34 34 38 38 38 38 34 34 34 34 38 38 38 38 38 38 38 38 37 37 37 37 42 42 42 42 42 42 42 42 37 37 37 37 38 38 38 38 38 38 38 38 40 40 40 40 41 41 41 41 40 40 40 40 40 40 40 40 43 43 43 43 38 38 38 38 30 30 30 30 27 27 27 27
