Example_case_study_data/Berlin/elevation_berlin_250.asc
ncols        992
nrows        1019
xllcorner    4404750.000000000000
yllcorner    3139250.000000000000
cellsize     250.000000000000
NODATA_value    -9999
[rows 812 to 869 of 1019, columns 384 to 479 of 992]
22 22 22 22 22 22 22 22 21 21 21 21 21 21 21 21 21 21 21 21 21 21 21 21 21 21 21 21 21 21 21 21 21 21 21 21 21 21 21 21 21 21 21 21 21 21 21 21 21 21 21 21 26 26 26 26 21 21 21 21 21 21 21 21 21 21 21 21 26 26 26 26 26 26 26 26 26 26 26 26 24 24 24 24 23 23 23 23 23 23 23 23 23 23 23 23
22 22 22 22 22 22 22 22 21 21 21 21 21 21 21 21 21 21 21 21 21 21 21 21 21 21 21 21 21 21 21 21 21 21 21 21 21 21 21 21 21 21 21 21 21 21 21 21 21 21 21 21 26 26 26 26 21 21 21 21 21 21 21 21 21 21 21 21 26 26 26 26 26 26 26 26 26 26 26 26 24 24 24 24 23 23 23 23 23 23 23 23 23 23 23 23
22 22 22 22 22 22 22 22 21 21 21 21 21 21 21 21 21 21 21 21 21 21 21 21 21 21 21 21 21 21 21 21 21 21 21 21 21 21 21 21 21 21 21 21 21 21 21 21 21 21 21 21 26 26 26 26 21 21 21 21 21 21 21 21 21 21 21 21 26 26 26 26 26 26 26 26 26 26 26 26 24 24 24 24 23 23 23 23 23 23 23 23 23 23 23 23
22 22 22 22 22 22 22 22 21 21 21 21 21 21 21 21 21 21 21 21 21 21 21 21 21 21 21 21 21 21 21 21 21 21 21 21 21 21 21 21 21 21 21 21 21 21 21 21 21 21 21 21 26 26 26 26 21 21 21 21 21 21 21 21 21 21 21 21 26 26 26 26 26 26 26 26 26 26 26 26 24 24 24 24 23 23 23 23 23 23 23 23 23 23 23 23
22 22 22 22 22 22 22 22 21 21 21 21 21 21 21 21 21 21 21 21 21 21 21 21 21 21 21 21 21 21 21 21 21 21 21 21 21 21 21 21 21 21 21 21 21 21 21 21 21 21 21 21 21 21 21 21 21 21 21 21 21 21 21 21 21 21 21 21 21 21 21 21 26 26 26 26 24 24 24 24 24 24 24 24 23 23 23 23 23 23 23 23 23 23 23 23
22 22 22 22 22 22 22 22 21 21 21 21 21 21 21 21 21 21 21 21 21 21 21 21 21 21 21 21 21 21 21 21 21 21 21 21 21 21 21 21 21 21 21 21 21 21 21 21 21 21 21 21 21 21 21 21 21 21 21 21 21 21 21 21 21 21 21 21 21 21 21 21 26 26 26 26 24 24 24 24 24 24 24 24 23 23 23 23 23 23 23 23 23 23 23 23
22 22 22 22 22 22 22 22 21 21 21 21 21 21 21 21 21 21 21 21 21 21 21 21 21 21 21 21 21 21 21 21 21 21 21 21 21 21 21 21 21 21 21 21 21 21 21 21 21 21 21 21 21 21 21 21 21 21 21 21 21 21 21 21 21 21 21 21 21 21 21 21 26 26 26 26 24 24 24 24 24 24 24 24 23 23 23 23 23 23 23 23 23 23 23 23
22 22 22 22 22 22 22 22 21 21 21 21 21 21 21 21 21 21 21 21 21 21 21 21 21 21 21 21 21 21 21 21 21 21 21 21 21 21 21 21 21 21 21 21 21 21 21 21 21 21 21 21 21 21 21 21 21 21 21 21 21 21 21 21 21 21 21 21 21 21 21 21 26 26 26 26 24 24 24 24 24 24 24 24 23 23 23 23 23 23 23 23 23 23 23 23
21 21 21 21 21 21 21 21 21 21 21 21 21 21 21 21 21 21 21 21 21 21 21 21 21 21 21 21 21 21 21 21 21 21 21 21 21 21 21 21 21 21 21 21 21 21 21 21 21 21 21 21 21 21 21 21 21 21 21 21 21 21 21 21 21 21 21 21 21 21 21 21 21 21 21 21 26 26 26 26 24 24 24 24 24 24 24 24 23 23 23 23 23 23 23 23
21 21 21 21 21 21 21 21 21 21 21 21 21 21 21 21 21 21 21 21 21 21 21 21 21 21 21 21 21 21 21 21 21 21 21 21 21 21 21 21 21 21 21 21 21 21 21 21 21 21 21 21 21 21 21 21 21 21 21 21 21 21 21 21 21 21 21 21 21 21 21 21 21 21 21 21 26 26 26 26 24 24 24 24 24 24 24 24 23 23 23 23 23 23 23 23
21 21 21 21 21 21 21 21 21 21 21 21 21 21 21 21 21 21 21 21 21 21 21 21 21 21 21 21 21 21 21 21 21 21 21 21 21 21 21 21 21 21 21 21 21 21 21 21 21 21 21 21 21 21 21 21 21 21 21 21 21 21 21 21 21 21 21 21 21 21 21 21 21 21 21 21 26 26 26 26 24 24 24 24 24 24 24 24 23 23 23 23 23 23 23 23
21 21 21 21 21 21 21 21 21 21 21 21 21 21 21 21 21 21 21 21 21 21 21 21 21 21 21 21 21 21 21 21 21 21 21 21 21 21 21 21 21 21 21 21 21 21 21 21 21 21 21 21 21 21 21 21 21 21 21 21 21 21 21 21 21 21 21 21 21 21 21 21 21 21 21 21 26 26 26 26 24 24 24 24 24 24 24 24 23 23 23 23 23 23 23 23
26 26 26 26 21 21 21 21 21 21 21 21 21 21 21 21 21 21 21 21 21 21 21 21 21 21 21 21 21 21 21 21 21 21 21 21 21 21 21 21 21 21 21 21 21 21 21 21 21 21 21 21 21 21 21 21 21 21 21 21 21 21 21 21 21 21 21 21 21 21 21 21 21 21 21 21 21 21 21 21 21 21 21 21 26 26 26 26 24 24 24 24 23 23 23 23
26 26 26 26 21 21 21 21 21 21 21 21 21 21 21 21 21 21 21 21 21 21 21 21 21 21 21 21 21 21 21 21 21 21 21 21 21 21 21 21 21 21 21 21 21 21 21 21 21 21 21 21 21 21 21 21 21 21 21 21 21 21 21 21 21 21 21 21 21 21 21 21 21 21 21 21 21 21 21 21 21 21 21 21 26 26 26 26 24 24 24 24 23 23 23 23
26 26 26 26 21 21 21 21 21 21 21 21 21 21 21 21 21 21 21 21 21 21 21 21 21 21 21 21 21 21 21 21 21 21 21 21 21 21 21 21 21 21 21 21 21 21 21 21 21 21 21 21 21 21 21 21 21 21 21 21 21 21 21 21 21 21 21 21 21 21 21 21 21 21 21 21 21 21 21 21 21 21 21 21 26 26 26 26 24 24 24 24 23 23 23 23
26 26 26 26 21 21 21 21 21 21 21 21 21 21 21 21 21 21 21 21 21 21 21 21 21 21 21 21 21 21 21 21 21 21 21 21 21 21 21 21 21 21 21 21 21 21 21 21 21 21 21 21 21 21 21 21 21 21 21 21 21 21 21 21 21 21 21 21 21 21 21 21 21 21 21 21 21 21 21 21 21 21 21 21 26 26 26 26 24 24 24 24 23 23 23 23
23 23 23 23 23 23 23 23 21 21 21 21 21 21 21 21 21 21 21 21 21 21 21 21 21 21 21 21 21 21 21 21 21 21 21 21 21 21 21 21 21 21 21 21 21 21 21 21 21 21 21 21 21 21 21 21 21 21 21 21 21 21 21 21 26 26 26 26 21 21 21 21 21 21 21 21 21 21 21 21 21 21 21 21 26 26 26 26 26 26 26 26 26 26 26 26
23 23 23 23 23 23 23 23 21 21 21 21 21 21 21 21 21 21 21 21 21 21 21 21 21 21 21 21 21 21 21 21 21 21 21 21 21 21 21 21 21 21 21 21 21 21 21 21 21 21 21 21 21 21 21 21 21 21 21 21 21 21 21 21 26 26 26 26 21 21 21 21 21 21 21 21 21 21 21 21 21 21 21 21 26 26 26 26 26 26 26 26 26 26 26 26
23 23 23 23 23 23 23 23 21 21 21 21 21 21 21 21 21 21 21 21 21 21 21 21 21 21 21 21 21 21 21 21 21 21 21 21 21 21 21 21 21 21 21 21 21 21 21 21 21 21 21 21 21 21 21 21 21 21 21 21 21 21 21 21 26 26 26 26 21 21 21 21 21 21 21 21 21 21 21 21 21 21 21 21 26 26 26 26 26 26 26 26 26 26 26 26
23 23 23 23 23 23 23 23 21 21 21 21 21 21 21 21 21 21 21 21 21 21 21 21 21 21 21 21 21 21 21 21 21 21 21 21 21 21 21 21 21 21 21 21 21 21 21 21 21 21 21 21 21 21 21 21 21 21 21 21 21 21 21 21 26 26 26 26 21 21 21 21 21 21 21 21 21 21 21 21 21 21 21 21 26 26 26 26 26 26 26 26 26 26 26 26
27 27 27 27 31 31 31 31 25 25 25 25 26 26 26 26 21 21 21 21 21 21 21 21 21 21 21 21 21 21 21 21 21 21 21 21 21 21 21 21 26 26 26 26 21 21 21 21 21 21 21 21 21 21 21 21 26 26 26 26 26 26 26 26 24 24 24 24 26 26 26 26 26 26 26 26 21 21 21 21 26 26 26 26 26 26 26 26 26 26 26 26 26 26 26 26
27 27 27 27 31 31 31 31 25 25 25 25 26 26 26 26 21 21 21 21 21 21 21 21 21 21 21 21 21 21 21 21 21 21 21 21 21 21 21 21 26 26 26 26 21 21 21 21 21 21 21 21 21 21 21 21 26 26 26 26 26 26 26 26 24 24 24 24 26 26 26 26 26 26 26 26 21 21 21 21 26 26 26 26 26 26 26 26 26 26 26 26 26 26 26 26
27 27 27 27 31 31 31 31 25 25 25 25 26 26 26 26 21 21 21 21 21 21 21 21 21 21 21 21 21 21 21 21 21 21 21 21 21 21 21 21 26 26 26 26 21 21 21 21 21 21 21 21 21 21 21 21 26 26 26 26 26 26 26 26 24 24 24 24 26 26 26 26 26 26 26 26 21 21 21 21 26 26 26 26 26 26 26 26 26 26 26 26 26 26 26 26
27 27 27 27 31 31 31 31 25 25 25 25 26 26 26 26 21 21 21 21 21 21 21 21 21 21 21 21 21 21 21 21 21 21 21 21 21 21 21 21 26 26 26 26 21 21 21 21 21 21 21 21 21 21 21 21 26 26 26 26 26 26 26 26 24 24 24 24 26 26 26 26 26 26 26 26 21 21 21 21 26 26 26 26 26 26 26 26 26 26 26 26 26 26 26 26
30 30 30 30 33 33 33 33 32 32 32 32 29 29 29 29 24 24 24 24 26 26 26 26 21 21 21 21 21 21 21 21 21 21 21 21 21 21 21 21 26 26 26 26 21 21 21 21 21 21 21 21 26 26 26 26 26 26 26 26 26 26 26 26 24 24 24 24 24 24 24 24 26 26 26 26 26 26 26 26 26 26 26 26 26 26 26 26 26 26 26 26 24 24 24 24
30 30 30 30 33 33 33 33 32 32 32 32 29 29 29 29 24 24 24 24 26 26 26 26 21 21 21 21 21 21 21 21 21 21 21 21 21 21 21 21 26 26 26 26 21 21 21 21 21 21 21 21 26 26 26 26 26 26 26 26 26 26 26 26 24 24 24 24 24 24 24 24 26 26 26 26 26 26 26 26 26 26 26 26 26 26 26 26 26 26 26 26 24 24 24 24
30 30 30 30 33 33 33 33 32 32 32 32 29 29 29 29 24 24 24 24 26 26 26 26 21 21 21 21 21 21 21 21 21 21 21 21 21 21 21 21 26 26 26 26 21 21 21 21 21 21 21 21 26 26 26 26 26 26 26 26 26 26 26 26 24 24 24 24 24 24 24 24 26 26 26 26 26 26 26 26 26 26 26 26 26 26 26 26 26 26 26 26 24 24 24 24
30 30 30 30 33 33 33 33 32 32 32 32 29 29 29 29 24 24 24 24 26 26 26 26 21 21 21 21 21 21 21 21 21 21 21 21 21 21 21 21 26 26 26 26 21 21 21 21 21 21 21 21 26 26 26 26 26 26 26 26 26 26 26 26 24 24 24 24 24 24 24 24 26 26 26 26 26 26 26 26 26 26 26 26 26 26 26 26 26 26 26 26 24 24 24 24
34 34 34 34 36 36 36 36 34 34 34 34 33 33 33 33 31 31 31 31 27 27 27 27 23 23 23 23 25 25 25 25 26 26 26 26 21 21 21 21 21 21 21 21 21 21 21 21 26 26 26 26 24 24 24 24 26 26 26 26 26 26 26 26 24 24 24 24 24 24 24 24 26 26 26 26 26 26 26 26 26 26 26 26 26 26 26 26 26 26 26 26 26 26 26 26
34 34 34 34 36 36 36 36 34 34 34 34 33 33 33 33 31 31 31 31 27 27 27 27 23 23 23 23 25 25 25 25 26 26 26 26 21 21 21 21 21 21 21 21 21 21 21 21 26 26 26 26 24 24 24 24 26 26 26 26 26 26 26 26 24 24 24 24 24 24 24 24 26 26 26 26 26 26 26 26 26 26 26 26 26 26 26 26 26 26 26 26 26 26 26 26
34 34 34 34 36 36 36 36 34 34 34 34 33 33 33 33 31 31 31 31 27 27 27 27 23 23 23 23 25 25 25 25 26 26 26 26 21 21 21 21 21 21 21 21 21 21 21 21 26 26 26 26 24 24 24 24 26 26 26 26 26 26 26 26 24 24 24 24 24 24 24 24 26 26 26 26 26 26 26 26 26 26 26 26 26 26 26 26 26 26 26 26 26 26 26 26
34 34 34 34 36 36 36 36 34 34 34 34 33 33 33 33 31 31 31 31 27 27 27 27 23 23 23 23 25 25 25 25 26 26 26 26 21 21 21 21 21 21 21 21 21 21 21 21 26 26 26 26 24 24 24 24 26 26 26 26 26 26 26 26 24 24 24 24 24 24 24 24 26 26 26 26 26 26 26 26 26 26 26 26 26 26 26 26 26 26 26 26 26 26 26 26
40 40 40 40 39 39 39 39 34 34 34 34 37 37 37 37 32 32 32 32 34 34 34 34 32 32 32 32 30 30 30 30 27 27 27 27 28 28 28 28 24 24 24 24 26 26 26 26 26 26 26 26 26 26 26 26 26 26 26 26 24 24 24 24 24 24 24 24 24 24 24 24 24 24 24 24 26 26 26 26 26 26 26 26 26 26 26 26 26 26 26 26 26 26 26 26
40 40 40 40 39 39 39 39 34 34 34 34 37 37 37 37 32 32 32 32 34 34 34 34 32 32 32 32 30 30 30 30 27 27 27 27 28 28 28 28 24 24 24 24 26 26 26 26 26 26 26 26 26 26 26 26 26 26 26 26 24 24 24 24 24 24 24 24 24 24 24 24 24 24 24 24 26 26 26 26 26 26 26 26 26 26 26 26 26 26 26 26 26 26 26 26
40 40 40 40 39 39 39 39 34 34 34 34 37 37 37 37 32 32 32 32 34 34 34 34 32 32 32 32 30 30 30 30 27 27 27 27 28 28 28 28 24 24 24 24 26 26 26 26 26 26 26 26 26 26 26 26 26 26 26 26 24 24 24 24 24 24 24 24 24 24 24 24 24 24 24 24 26 26 26 26 26 26 26 26 26 26 26 26 26 26 26 26 26 26 26 26
40 40 40 40 39 39 39 39 34 34 34 34 37 37 37 37 32 32 32 32 34 34 34 34 32 32 32 32 30 30 30 30 27 27 27 27 28 28 28 28 24 24 24 24 26 26 26 26 26 26 26 26 26 26 26 26 26 26 26 26 24 24 24 24 24 24 24 24 24 24 24 24 24 24 24 24 26 26 26 26 26 26 26 26 26 26 26 26 26 26 26 26 26 26 26 26
47 47 47 47 44 44 44 44 38 38 38 38 41 41 41 41 39 39 39 39 39 39 39 39 40 40 40 40 38 38 38 38 38 38 38 38 30 30 30 30 27 27 27 27 25 25 25 25 24 24 24 24 26 26 26 26 26 26 26 26 26 26 26 26 24 24 24 24 24 24 24 24 24 24 24 24 26 26 26 26 24 24 24 24 24 24 24 24 24 24 24 24 24 24 24 24
47 47 47 47 44 44 44 44 38 38 38 38 41 41 41 41 39 39 39 39 39 39 39 39 40 40 40 40 38 38 38 38 38 38 38 38 30 30 30 30 27 27 27 27 25 25 25 25 24 24 24 24 26 26 26 26 26 26 26 26 26 26 26 26 24 24 24 24 24 24 24 24 24 24 24 24 26 26 26 26 24 24 24 24 24 24 24 24 24 24 24 24 24 24 24 24
47 47 47 47 44 44 44 44 38 38 38 38 41 41 41 41 39 39 39 39 39 39 39 39 40 40 40 40 38 38 38 38 38 38 38 38 30 30 30 30 27 27 27 27 25 25 25 25 24 24 24 24 26 26 26 26 26 26 26 26 26 26 26 26 24 24 24 24 24 24 24 24 24 24 24 24 26 26 26 26 24 24 24 24 24 24 24 24 24 24 24 24 24 24 24 24
47 47 47 47 44 44 44 44 38 38 38 38 41 41 41 41 39 39 39 39 39 39 39 39 40 40 40 40 38 38 38 38 38 38 38 38 30 30 30 30 27 27 27 27 25 25 25 25 24 24 24 24 26 26 26 26 26 26 26 26 26 26 26 26 24 24 24 24 24 24 24 24 24 24 24 24 26 26 26 26 24 24 24 24 24 24 24 24 24 24 24 24 24 24 24 24
44 44 44 44 42 42 42 42 40 40 40 40 40 40 40 40 43 43 43 43 40 40 40 40 41 41 41 41 40 40 40 40 38 38 38 38 32 32 32 32 30 30 30 30 27 27 27 27 24 24 24 24 26 26 26 26 26 26 26 26 26 26 26 26 24 24 24 24 24 24 24 24 26 26 26 26 26 26 26 26 26 26 26 26 26 26 26 26 26 26 26 26 24 24 24 24
44 44 44 44 42 42 42 42 40 40 40 40 40 40 40 40 43 43 43 43 40 40 40 40 41 41 41 41 40 40 40 40 38 38 38 38 32 32 32 32 30 30 30 30 27 27 27 27 24 24 24 24 26 26 26 26 26 26 26 26 26 26 26 26 24 24 24 24 24 24 24 24 26 26 26 26 26 26 26 26 26 26 26 26 26 26 26 26 26 26 26 26 24 24 24 24
44 44 44 44 42 42 42 42 40 40 40 40 40 40 40 40 43 43 43 43 40 40 40 40 41 41 41 41 40 40 40 40 38 38 38 38 32 32 32 32 30 30 30 30 27 27 27 27 24 24 24 24 26 26 26 26 26 26 26 26 26 26 26 26 24 24 24 24 24 24 24 24 26 26 26 26 26 26 26 26 26 26 26 26 26 26 26 26 26 26 26 26 24 24 24 24
44 44 44 44 42 42 42 42 40 40 40 40 40 40 40 40 43 43 43 43 40 40 40 40 41 41 41 41 40 40 40 40 38 38 38 38 32 32 32 32 30 30 30 30 27 27 27 27 24 24 24 24 26 26 26 26 26 26 26 26 26 26 26 26 24 24 24 24 24 24 24 24 26 26 26 26 26 26 26 26 26 26 26 26 26 26 26 26 26 26 26 26 24 24 24 24
51 51 51 51 45 45 45 45 45 45 45 45 40 40 40 40 45 45 45 45 44 44 44 44 41 41 41 41 40 40 40 40 38 38 38 38 34 34 34 34 34 34 34 34 31 31 31 31 28 28 28 28 24 24 24 24 26 26 26 26 24 24 24 24 24 24 24 24 24 24 24 24 24 24 24 24 24 24 24 24 26 26 26 26 26 26 26 26 26 26 26 26 26 26 26 26
51 51 51 51 45 45 45 45 45 45 45 45 40 40 40 40 45 45 45 45 44 44 44 44 41 41 41 41 40 40 40 40 38 38 38 38 34 34 34 34 34 34 34 34 31 31 31 31 28 28 28 28 24 24 24 24 26 26 26 26 24 24 24 24 24 24 24 24 24 24 24 24 24 24 24 24 24 24 24 24 26 26 26 26 26 26 26 26 26 26 26 26 26 26 26 26
51 51 51 51 45 45 45 45 45 45 45 45 40 40 40 40 45 45 45 45 44 44 44 44 41 41 41 41 40 40 40 40 38 38 38 38 34 34 34 34 34 34 34 34 31 31 31 31 28 28 28 28 24 24 24 24 26 26 26 26 24 24 24 24 24 24 24 24 24 24 24 24 24 24 24 24 24 24 24 24 26 26 26 26 26 26 26 26 26 26 26 26 26 26 26 26
51 51 51 51 45 45 45 45 45 45 45 45 40 40 40 40 45 45 45 45 44 44 44 44 41 41 41 41 40 40 40 40 38 38 38 38 34 34 34 34 34 34 34 34 31 31 31 31 28 28 28 28 24 24 24 24 26 26 26 26 24 24 24 24 24 24 24 24 24 24 24 24 24 24 24 24 24 24 24 24 26 26 26 26 26 26 26 26 26 26 26 26 26 26 26 26
55 55 55 55 51 51 51 51 44 44 44 44 41 41 41 41 43 43 43 43 44 44 44 44 40 40 40 40 37 37 37 37 38 38 38 38 38 38 38 38 32 32 32 32 30 30 30 30 27 27 27 27 25 25 25 25 23 23 23 23 24 24 24 24 24 24 24 24 24 24 24 24 24 24 24 24 24 24 24 24 24 24 24 24 24 24 24 24 24 24 24 24 24 24 24 24
55 55 55 55 51 51 51 51 44 44 44 44 41 41 41 41 43 43 43 43 44 44 44 44 40 40 40 40 37 37 37 37 38 38 38 38 38 38 38 38 32 32 32 32 30 30 30 30 27 27 27 27 25 25 25 25 23 23 23 23 24 24 24 24 24 24 24 24 24 24 24 24 24 24 24 24 24 24 24 24 24 24 24 24 24 24 24 24 24 24 24 24 24 24 24 24
55 55 55 55 51 51 51 51 44 44 44 44 41 41 41 41 43 43 43 43 44 44 44 44 40 40 40 40 37 37 37 37 38 38 38 38 38 38 38 38 32 32 32 32 30 30 30 30 27 27 27 27 25 25 25 25 23 23 23 23 24 24 24 24 24 24 24 24 24 24 24 24 24 24 24 24 24 24 24 24 24 24 24 24 24 24 24 24 24 24 24 24 24 24 24 24
55 55 55 55 51 51 51 51 44 44 44 44 41 41 41 41 43 43 43 43 44 44 44 44 40 40 40 40 37 37 37 37 38 38 38 38 38 38 38 38 32 32 32 32 30 30 30 30 27 27 27 27 25 25 25 25 23 23 23 23 24 24 24 24 24 24 24 24 24 24 24 24 24 24 24 24 24 24 24 24 24 24 24 24 24 24 24 24 24 24 24 24 24 24 24 24
56 56 56 56 48 48 48 48 45 45 45 45 46 46 46 46 43 43 43 43 43 43 43 43 39 39 39 39 32 32 32 32 33 33 33 33 30 30 30 30 31 31 31 31 31 31 31 31 31 31 31 31 31 31 31 31 29 29 29 29 23 23 23 23 24 24 24 24 24 24 24 24 24 24 24 24 24 24 24 24 24 24 24 24 24 24 24 24 24 24 24 24 24 24 24 24
56 56 56 56 48 48 48 48 45 45 45 45 46 46 46 46 43 43 43 43 43 43 43 43 39 39 39 39 32 32 32 32 33 33 33 33 30 30 30 30 31 31 31 31 31 31 31 31 31 31 31 31 31 31 31 31 29 29 29 29 23 23 23 23 24 24 24 24 24 24 24 24 24 24 24 24 24 24 24 24 24 24 24 24 24 24 24 24 24 24 24 24 24 24 24 24
56 56 56 56 48 48 48 48 45 45 45 45 46 46 46 46 43 43 43 43 43 43 43 43 39 39 39 39 32 32 32 32 33 33 33 33 30 30 30 30 31 31 31 31 31 31 31 31 31 31 31 31 31 31 31 31 29 29 29 29 23 23 23 23 24 24 24 24 24 24 24 24 24 24 24 24 24 24 24 24 24 24 24 24 24 24 24 24 24 24 24 24 24 24 24 24
56 56 56 56 48 48 48 48 45 45 45 45 46 46 46 46 43 43 43 43 43 43 43 43 39 39 39 39 32 32 32 32 33 33 33 33 30 30 30 30 31 31 31 31 31 31 31 31 31 31 31 31 31 31 31 31 29 29 29 29 23 23 23 23 24 24 24 24 24 24 24 24 24 24 24 24 24 24 24 24 24 24 24 24 24 24 24 24 24 24 24 24 24 24 24 24
58 58 58 58 53 53 53 53 52 52 52 52 48 48 48 48 46 46 46 46 47 47 47 47 42 42 42 42 36 36 36 36 33 33 33 33 30 30 30 30 31 31 31 31 33 33 33 33 33 33 33 33 30 30 30 30 27 27 27 27 23 23 23 23 24 24 24 24 24 24 24 24 24 24 24 24 24 24 24 24 24 24 24 24 24 24 24 24 24 24 24 24 24 24 24 24
58 58 58 58 53 53 53 53 52 52 52 52 48 48 48 48 46 46 46 46 47 47 47 47 42 42 42 42 36 36 36 36 33 33 33 33 30 30 30 30 31 31 31 31 33 33 33 33 33 33 33 33 30 30 30 30 27 27 27 27 23 23 23 23 24 24 24 24 24 24 24 24 24 24 24 24 24 24 24 24 24 24 24 24 24 24 24 24 24 24 24 24 24 24 24 24
