Example_case_study_data/Madrid/elevation_madrid_250.asc
ncols        605
nrows        655
xllcorner    3075750.000000000000
yllcorner    1961750.000000000000
cellsize     250.000000000000
NODATA_value    -9999
[rows 252 to 293 of 655, columns 0 to 93 of 605]
178 178 178 178 176 176 176 176 175 175 175 175 174 174 174 174 174 174 174 174 172 172 172 172 173 173 173 173 173 173 173 173 170 170 170 170 171 171 171 171 170 170 170 170 170 170 170 170 171 171 171 171 170 170 170 170 171 171 171 171 166 166 166 166 166 166 166 166 171 171 171 171 171 171 171 171 171 171 171 171 169 169 169 169 166 166 166 166 165 165 165 165 157 157
178 178 178 178 176 176 176 176 175 175 175 175 174 174 174 174 174 174 174 174 172 172 172 172 173 173 173 173 173 173 173 173 170 170 170 170 171 171 171 171 170 170 170 170 170 170 170 170 171 171 171 171 170 170 170 170 171 171 171 171 166 166 166 166 166 166 166 166 171 171 171 171 171 171 171 171 171 171 171 171 169 169 169 169 166 166 166 166 165 165 165 165 157 157
178 178 178 178 176 176 176 176 175 175 175 175 174 174 174 174 174 174 174 174 172 172 172 172 173 173 173 173 173 173 173 173 170 170 170 170 171 171 171 171 170 170 170 170 170 170 170 170 171 171 171 171 170 170 170 170 171 171 171 171 166 166 166 166 166 166 166 166 171 171 171 171 171 171 171 171 171 171 171 171 169 169 169 169 166 166 166 166 165 165 165 165 157 157
178 178 178 178 176 176 176 176 175 175 175 175 174 174 174 174 174 174 174 174 172 172 172 172 173 173 173 173 173 173 173 173 170 170 170 170 171 171 171 171 170 170 170 170 170 170 170 170 171 171 171 171 170 170 170 170 171 171 171 171 166 166 166 166 166 166 166 166 171 171 171 171 171 171 171 171 171 171 171 171 169 169 169 169 166 166 166 166 165 165 165 165 157 157
178 178 178 178 176 176 176 176 175 175 175 175 175 175 175 175 174 174 174 174 174 174 174 174 174 174 174 174 174 174 174 174 173 173 173 173 170 170 170 170 170 170 170 170 173 173 173 173 173 173 173 173 173 173 173 173 171 171 171 171 169 169 169 169 171 171 171 171 170 170 170 170 171 171 171 171 166 166 166 166 164 164 164 164 160 160 160 160 159 159 159 159 156 156
178 178 178 178 176 176 176 176 175 175 175 175 175 175 175 175 174 174 174 174 174 174 174 174 174 174 174 174 174 174 174 174 173 173 173 173 170 170 170 170 170 170 170 170 173 173 173 173 173 173 173 173 173 173 173 173 171 171 171 171 169 169 169 169 171 171 171 171 170 170 170 170 171 171 171 171 166 166 166 166 164 164 164 164 160 160 160 160 159 159 159 159 156 156
178 178 178 178 176 176 176 176 175 175 175 175 175 175 175 175 174 174 174 174 174 174 174 174 174 174 174 174 174 174 174 174 173 173 173 173 170 170 170 170 170 170 170 170 173 173 173 173 173 173 173 173 173 173 173 173 171 171 171 171 169 169 169 169 171 171 171 171 170 170 170 170 171 171 171 171 166 166 166 166 164 164 164 164 160 160 160 160 159 159 159 159 156 156
178 178 178 178 176 176 176 176 175 175 175 175 175 175 175 175 174 174 174 174 174 174 174 174 174 174 174 174 174 174 174 174 173 173 173 173 170 170 170 170 170 170 170 170 173 173 173 173 173 173 173 173 173 173 173 173 171 171 171 171 169 169 169 169 171 171 171 171 170 170 170 170 171 171 171 171 166 166 166 166 164 164 164 164 160 160 160 160 159 159 159 159 156 156
179 179 179 179 176 176 176 176 176 176 176 176 177 177 177 177 175 175 175 175 175 175 175 175 174 174 174 174 174 174 174 174 172 172 172 172 172 172 172 172 172 172 172 172 174 174 174 174 172 172 172 172 173 173 173 173 170 170 170 170 171 171 171 171 171 171 171 171 171 171 171 171 171 171 171 171 168 168 168 168 161 161 161 161 155 155 155 155 151 151 151 151 149 149
179 179 179 179 176 176 176 176 176 176 176 176 177 177 177 177 175 175 175 175 175 175 175 175 174 174 174 174 174 174 174 174 172 172 172 172 172 172 172 172 172 172 172 172 174 174 174 174 172 172 172 172 173 173 173 173 170 170 170 170 171 171 171 171 171 171 171 171 171 171 171 171 171 171 171 171 168 168 168 168 161 161 161 161 155 155 155 155 151 151 151 151 149 149
179 179 179 179 176 176 176 176 176 176 176 176 177 177 177 177 175 175 175 175 175 175 175 175 174 174 174 174 174 174 174 174 172 172 172 172 172 172 172 172 172 172 172 172 174 174 174 174 172 172 172 172 173 173 173 173 170 170 170 170 171 171 171 171 171 171 171 171 171 171 171 171 171 171 171 171 168 168 168 168 161 161 161 161 155 155 155 155 151 151 151 151 149 149
179 179 179 179 176 176 176 176 176 176 176 176 177 177 177 177 175 175 175 175 175 175 175 175 174 174 174 174 174 174 174 174 172 172 172 172 172 172 172 172 172 172 172 172 174 174 174 174 172 172 172 172 173 173 173 173 170 170 170 170 171 171 171 171 171 171 171 171 171 171 171 171 171 171 171 171 168 168 168 168 161 161 161 161 155 155 155 155 151 151 151 151 149 149
174 174 174 174 179 179 179 179 179 179 179 179 176 176 176 176 175 175 175 175 172 172 172 172 174 174 174 174 174 174 174 174 172 172 172 172 174 174 174 174 174 174 174 174 172 172 172 172 170 170 170 170 171 171 171 171 171 171 171 171 169 169 169 169 168 168 168 168 167 167 167 167 164 164 164 164 160 160 160 160 154 154 154 154 156 156 156 156 153 153 153 153 146 146
174 174 174 174 179 179 179 179 179 179 179 179 176 176 176 176 175 175 175 175 172 172 172 172 174 174 174 174 174 174 174 174 172 172 172 172 174 174 174 174 174 174 174 174 172 172 172 172 170 170 170 170 171 171 171 171 171 171 171 171 169 169 169 169 168 168 168 168 167 167 167 167 164 164 164 164 160 160 160 160 154 154 154 154 156 156 156 156 153 153 153 153 146 146
174 174 174 174 179 179 179 179 179 179 179 179 176 176 176 176 175 175 175 175 172 172 172 172 174 174 174 174 174 174 174 174 172 172 172 172 174 174 174 174 174 174 174 174 172 172 172 172 170 170 170 170 171 171 171 171 171 171 171 171 169 169 169 169 168 168 168 168 167 167 167 167 164 164 164 164 160 160 160 160 154 154 154 154 156 156 156 156 153 153 153 153 146 146
174 174 174 174 179 179 179 179 179 179 179 179 176 176 176 176 175 175 175 175 172 172 172 172 174 174 174 174 174 174 174 174 172 172 172 172 174 174 174 174 174 174 174 174 172 172 172 172 170 170 170 170 171 171 171 171 171 171 171 171 169 169 169 169 168 168 168 168 167 167 167 167 164 164 164 164 160 160 160 160 154 154 154 154 156 156 156 156 153 153 153 153 146 146
167 167 167 167 174 174 174 174 177 177 177 177 175 175 175 175 169 169 169 169 167 167 167 167 171 171 171 171 166 166 166 166 170 170 170 170 174 174 174 174 170 170 170 170 166 166 166 166 167 167 167 167 167 167 167 167 171 171 171 171 170 170 170 170 167 167 167 167 160 160 160 160 154 154 154 154 151 151 151 151 152 152 152 152 153 153 153 153 146 146 146 146 147 147
167 167 167 167 174 174 174 174 177 177 177 177 175 175 175 175 169 169 169 169 167 167 167 167 171 171 171 171 166 166 166 166 170 170 170 170 174 174 174 174 170 170 170 170 166 166 166 166 167 167 167 167 167 167 167 167 171 171 171 171 170 170 170 170 167 167 167 167 160 160 160 160 154 154 154 154 151 151 151 151 152 152 152 152 153 153 153 153 146 146 146 146 147 147
167 167 167 167 174 174 174 174 177 177 177 177 175 175 175 175 169 169 169 169 167 167 167 167 171 171 171 171 166 166 166 166 170 170 170 170 174 174 174 174 170 170 170 170 166 166 166 166 167 167 167 167 167 167 167 167 171 171 171 171 170 170 170 170 167 167 167 167 160 160 160 160 154 154 154 154 151 151 151 151 152 152 152 152 153 153 153 153 146 146 146 146 147 147
167 167 167 167 174 174 174 174 177 177 177 177 175 175 175 175 169 169 169 169 167 167 167 167 171 171 171 171 166 166 166 166 170 170 170 170 174 174 174 174 170 170 170 170 166 166 166 166 167 167 167 167 167 167 167 167 171 171 171 171 170 170 170 170 167 167 167 167 160 160 160 160 154 154 154 154 151 151 151 151 152 152 152 152 153 153 153 153 146 146 146 146 147 147
161 161 161 161 165 165 165 165 168 168 168 168 168 168 168 168 164 164 164 164 164 164 164 164 167 167 167 167 165 165 165 165 168 168 168 168 171 171 171 171 166 166 166 166 166 166 166 166 164 164 164 164 167 167 167 167 171 171 171 171 170 170 170 170 168 168 168 168 163 163 163 163 154 154 154 154 156 156 156 156 152 152 152 152 146 146 146 146 144 144 144 144 146 146
161 161 161 161 165 165 165 165 168 168 168 168 168 168 168 168 164 164 164 164 164 164 164 164 167 167 167 167 165 165 165 165 168 168 168 168 171 171 171 171 166 166 166 166 166 166 166 166 164 164 164 164 167 167 167 167 171 171 171 171 170 170 170 170 168 168 168 168 163 163 163 163 154 154 154 154 156 156 156 156 152 152 152 152 146 146 146 146 144 144 144 144 146 146
161 161 161 161 165 165 165 165 168 168 168 168 168 168 168 168 164 164 164 164 164 164 164 164 167 167 167 167 165 165 165 165 168 168 168 168 171 171 171 171 166 166 166 166 166 166 166 166 164 164 164 164 167 167 167 167 171 171 171 171 170 170 170 170 168 168 168 168 163 163 163 163 154 154 154 154 156 156 156 156 152 152 152 152 146 146 146 146 144 144 144 144 146 146
161 161 161 161 165 165 165 165 168 168 168 168 168 168 168 168 164 164 164 164 164 164 164 164 167 167 167 167 165 165 165 165 168 168 168 168 171 171 171 171 166 166 166 166 166 166 166 166 164 164 164 164 167 167 167 167 171 171 171 171 170 170 170 170 168 168 168 168 163 163 163 163 154 154 154 154 156 156 156 156 152 152 152 152 146 146 146 146 144 144 144 144 146 146
159 159 159 159 159 159 159 159 157 157 157 157 157 157 157 157 154 154 154 154 160 160 160 160 161 161 161 161 163 163 163 163 164 164 164 164 165 165 165 165 167 167 167 167 167 167 167 167 161 161 161 161 162 162 162 162 168 168 168 168 172 172 172 172 169 169 169 169 167 167 167 167 157 157 157 157 151 151 151 151 149 149 149 149 148 148 148 148 144 144 144 144 149 149
159 159 159 159 159 159 159 159 157 157 157 157 157 157 157 157 154 154 154 154 160 160 160 160 161 161 161 161 163 163 163 163 164 164 164 164 165 165 165 165 167 167 167 167 167 167 167 167 161 161 161 161 162 162 162 162 168 168 168 168 172 172 172 172 169 169 169 169 167 167 167 167 157 157 157 157 151 151 151 151 149 149 149 149 148 148 148 148 144 144 144 144 149 149
159 159 159 159 159 159 159 159 157 157 157 157 157 157 157 157 154 154 154 154 160 160 160 160 161 161 161 161 163 163 163 163 164 164 164 164 165 165 165 165 167 167 167 167 167 167 167 167 161 161 161 161 162 162 162 162 168 168 168 168 172 172 172 172 169 169 169 169 167 167 167 167 157 157 157 157 151 151 151 151 149 149 149 149 148 148 148 148 144 144 144 144 149 149
159 159 159 159 159 159 159 159 157 157 157 157 157 157 157 157 154 154 154 154 160 160 160 160 161 161 161 161 163 163 163 163 164 164 164 164 165 165 165 165 167 167 167 167 167 167 167 167 161 161 161 161 162 162 162 162 168 168 168 168 172 172 172 172 169 169 169 169 167 167 167 167 157 157 157 157 151 151 151 151 149 149 149 149 148 148 148 148 144 144 144 144 149 149
151 151 151 151 155 155 155 155 155 155 155 155 155 155 155 155 151 151 151 151 154 154 154 154 157 157 157 157 157 157 157 157 157 157 157 157 160 160 160 160 163 163 163 163 157 157 157 157 155 155 155 155 154 154 154 154 161 161 161 161 164 164 164 164 162 162 162 162 164 164 164 164 164 164 164 164 154 154 154 154 152 152 152 152 144 144 144 144 148 148 148 148 152 152
151 151 151 151 155 155 155 155 155 155 155 155 155 155 155 155 151 151 151 151 154 154 154 154 157 157 157 157 157 157 157 157 157 157 157 157 160 160 160 160 163 163 163 163 157 157 157 157 155 155 155 155 154 154 154 154 161 161 161 161 164 164 164 164 162 162 162 162 164 164 164 164 164 164 164 164 154 154 154 154 152 152 152 152 144 144 144 144 148 148 148 148 152 152
151 151 151 151 155 155 155 155 155 155 155 155 155 155 155 155 151 151 151 151 154 154 154 154 157 157 157 157 157 157 157 157 157 157 157 157 160 160 160 160 163 163 163 163 157 157 157 157 155 155 155 155 154 154 154 154 161 161 161 161 164 164 164 164 162 162 162 162 164 164 164 164 164 164 164 164 154 154 154 154 152 152 152 152 144 144 144 144 148 148 148 148 152 152
151 151 151 151 155 155 155 155 155 155 155 155 155 155 155 155 151 151 151 151 154 154 154 154 157 157 157 157 157 157 157 157 157 157 157 157 160 160 160 160 163 163 163 163 157 157 157 157 155 155 155 155 154 154 154 154 161 161 161 161 164 164 164 164 162 162 162 162 164 164 164 164 164 164 164 164 154 154 154 154 152 152 152 152 144 144 144 144 148 148 148 148 152 152
152 152 152 152 152 152 152 152 156 156 156 156 150 150 150 150 156 156 156 156 155 155 155 155 154 154 154 154 155 155 155 155 158 158 158 158 155 155 155 155 159 159 159 159 154 154 154 154 154 154 154 154 156 156 156 156 151 151 151 151 156 156 156 156 151 151 151 151 151 151 151 151 149 149 149 149 153 153 153 153 146 146 146 146 143 143 143 143 146 146 146 146 150 150
152 152 152 152 152 152 152 152 156 156 156 156 150 150 150 150 156 156 156 156 155 155 155 155 154 154 154 154 155 155 155 155 158 158 158 158 155 155 155 155 159 159 159 159 154 154 154 154 154 154 154 154 156 156 156 156 151 151 151 151 156 156 156 156 151 151 151 151 151 151 151 151 149 149 149 149 153 153 153 153 146 146 146 146 143 143 143 143 146 146 146 146 150 150
152 152 152 152 152 152 152 152 156 156 156 156 150 150 150 150 156 156 156 156 155 155 155 155 154 154 154 154 155 155 155 155 158 158 158 158 155 155 155 155 159 159 159 159 154 154 154 154 154 154 154 154 156 156 156 156 151 151 151 151 156 156 156 156 151 151 151 151 151 151 151 151 149 149 149 149 153 153 153 153 146 146 146 146 143 143 143 143 146 146 146 146 150 150
152 152 152 152 152 152 152 152 156 156 156 156 150 150 150 150 156 156 156 156 155 155 155 155 154 154 154 154 155 155 155 155 158 158 158 158 155 155 155 155 159 159 159 159 154 154 154 154 154 154 154 154 156 156 156 156 151 151 151 151 156 156 156 156 151 151 151 151 151 151 151 151 149 149 149 149 153 153 153 153 146 146 146 146 143 143 143 143 146 146 146 146 150 150
146 146 146 146 146 146 146 146 153 153 153 153 149 149 149 149 152 152 152 152 156 156 156 156 151 151 151 151 156 156 156 156 152 152 152 152 152 152 152 152 152 152 152 152 156 156 156 156 156 156 156 156 152 152 152 152 152 152 152 152 149 149 149 149 153 153 153 153 149 149 149 149 149 149 149 149 146 146 146 146 144 144 144 144 142 142 142 142 149 149 149 149 156 156
146 146 146 146 146 146 146 146 153 153 153 153 149 149 149 149 152 152 152 152 156 156 156 156 151 151 151 151 156 156 156 156 152 152 152 152 152 152 152 152 152 152 152 152 156 156 156 156 156 156 156 156 152 152 152 152 152 152 152 152 149 149 149 149 153 153 153 153 149 149 149 149 149 149 149 149 146 146 146 146 144 144 144 144 142 142 142 142 149 149 149 149 156 156
146 146 146 146 146 146 146 146 153 153 153 153 149 149 149 149 152 152 152 152 156 156 156 156 151 151 151 151 156 156 156 156 152 152 152 152 152 152 152 152 152 152 152 152 156 156 156 156 156 156 156 156 152 152 152 152 152 152 152 152 149 149 149 149 153 153 153 153 149 149 149 149 149 149 149 149 146 146 146 146 144 144 144 144 142 142 142 142 149 149 149 149 156 156
146 146 146 146 146 146 146 146 153 153 153 153 149 149 149 149 152 152 152 152 156 156 156 156 151 151 151 151 156 156 156 156 152 152 152 152 152 152 152 152 152 152 152 152 156 156 156 156 156 156 156 156 152 152 152 152 152 152 152 152 149 149 149 149 153 153 153 153 149 149 149 149 149 149 149 149 146 146 146 146 144 144 144 144 142 142 142 142 149 149 149 149 156 156
147 147 147 147 147 147 147 147 146 146 146 146 147 147 147 147 146 146 146 146 146 146 146 146 153 153 153 153 149 149 149 149 148 148 148 148 144 144 144 144 148 148 148 148 149 149 149 149 150 150 150 150 146 146 146 146 146 146 146 146 147 147 147 147 146 146 146 146 148 148 148 148 148 148 148 148 147 147 147 147 144 144 144 144 145 145 145 145 147 147 147 147 156 156
147 147 147 147 147 147 147 147 146 146 146 146 147 147 147 147 146 146 146 146 146 146 146 146 153 153 153 153 149 149 149 149 148 148 148 148 144 144 144 144 148 148 148 148 149 149 149 149 150 150 150 150 146 146 146 146 146 146 146 146 147 147 147 147 146 146 146 146 148 148 148 148 148 148 148 148 147 147 147 147 144 144 144 144 145 145 145 145 147 147 147 147 156 156
