Example_case_study_data/Madrid/elevation_madrid_250.asc
ncols        605
nrows        655
xllcorner    3075750.000000000000
yllcorner    1961750.000000000000
cellsize     250.000000000000
NODATA_value    -9999
[rows 252 to 293 of 655, columns 376 to 469 of 605]
156 156 156 156 155 155 155 155 156 156 156 156 152 152 152 152 149 149 149 149 147 147 147 147 144 144 144 144 143 143 143 143 144 144 144 144 144 144 144 144 148 148 148 148 148 148 148 148 148 148 148 148 144 144 144 144 143 143 143 143 145 145 145 145 145 145 145 145 138 138 138 138 140 140 140 140 140 140 140 140 140 140 140 140 140 140 140 140 134 134 134 134 137 137
156 156 156 156 155 155 155 155 156 156 156 156 152 152 152 152 149 149 149 149 147 147 147 147 144 144 144 144 143 143 143 143 144 144 144 144 144 144 144 144 148 148 148 148 148 148 148 148 148 148 148 148 144 144 144 144 143 143 143 143 145 145 145 145 145 145 145 145 138 138 138 138 140 140 140 140 140 140 140 140 140 140 140 140 140 140 140 140 134 134 134 134 137 137
156 156 156 156 155 155 155 155 156 156 156 156 152 152 152 152 149 149 149 149 147 147 147 147 144 144 144 144 143 143 143 143 144 144 144 144 144 144 144 144 148 148 148 148 148 148 148 148 148 148 148 148 144 144 144 144 143 143 143 143 145 145 145 145 145 145 145 145 138 138 138 138 140 140 140 140 140 140 140 140 140 140 140 140 140 140 140 140 134 134 134 134 137 137
156 156 156 156 155 155 155 155 156 156 156 156 152 152 152 152 149 149 149 149 147 147 147 147 144 144 144 144 143 143 143 143 144 144 144 144 144 144 144 144 148 148 148 148 148 148 148 148 148 148 148 148 144 144 144 144 143 143 143 143 145 145 145 145 145 145 145 145 138 138 138 138 140 140 140 140 140 140 140 140 140 140 140 140 140 140 140 140 134 134 134 134 137 137
150 150 150 150 156 156 156 156 150 150 150 150 153 153 153 153 146 146 146 146 147 147 147 147 144 144 144 144 148 148 148 148 144 144 144 144 144 144 144 144 148 148 148 148 144 144 144 144 144 144 144 144 144 144 144 144 148 148 148 148 148 148 148 148 148 148 148 148 142 142 142 142 134 134 134 134 129 129 129 129 129 129 129 129 129 129 129 129 140 140 140 140 129 129
150 150 150 150 156 156 156 156 150 150 150 150 153 153 153 153 146 146 146 146 147 147 147 147 144 144 144 144 148 148 148 148 144 144 144 144 144 144 144 144 148 148 148 148 144 144 144 144 144 144 144 144 144 144 144 144 148 148 148 148 148 148 148 148 148 148 148 148 142 142 142 142 134 134 134 134 129 129 129 129 129 129 129 129 129 129 129 129 140 140 140 140 129 129
150 150 150 150 156 156 156 156 150 150 150 150 153 153 153 153 146 146 146 146 147 147 147 147 144 144 144 144 148 148 148 148 144 144 144 144 144 144 144 144 148 148 148 148 144 144 144 144 144 144 144 144 144 144 144 144 148 148 148 148 148 148 148 148 148 148 148 148 142 142 142 142 134 134 134 134 129 129 129 129 129 129 129 129 129 129 129 129 140 140 140 140 129 129
150 150 150 150 156 156 156 156 150 150 150 150 153 153 153 153 146 146 146 146 147 147 147 147 144 144 144 144 148 148 148 148 144 144 144 144 144 144 144 144 148 148 148 148 144 144 144 144 144 144 144 144 144 144 144 144 148 148 148 148 148 148 148 148 148 148 148 148 142 142 142 142 134 134 134 134 129 129 129 129 129 129 129 129 129 129 129 129 140 140 140 140 129 129
150 150 150 150 150 150 150 150 153 153 153 153 146 146 146 146 148 148 148 148 147 147 147 147 147 147 147 147 148 148 148 148 144 144 144 144 143 143 143 143 143 143 143 143 143 143 143 143 144 144 144 144 146 146 146 146 146 146 146 146 146 146 146 146 146 146 146 146 144 144 144 144 141 141 141 141 129 129 129 129 136 136 136 136 137 137 137 137 129 129 129 129 132 132
150 150 150 150 150 150 150 150 153 153 153 153 146 146 146 146 148 148 148 148 147 147 147 147 147 147 147 147 148 148 148 148 144 144 144 144 143 143 143 143 143 143 143 143 143 143 143 143 144 144 144 144 146 146 146 146 146 146 146 146 146 146 146 146 146 146 146 146 144 144 144 144 141 141 141 141 129 129 129 129 136 136 136 136 137 137 137 137 129 129 129 129 132 132
150 150 150 150 150 150 150 150 153 153 153 153 146 146 146 146 148 148 148 148 147 147 147 147 147 147 147 147 148 148 148 148 144 144 144 144 143 143 143 143 143 143 143 143 143 143 143 143 144 144 144 144 146 146 146 146 146 146 146 146 146 146 146 146 146 146 146 146 144 144 144 144 141 141 141 141 129 129 129 129 136 136 136 136 137 137 137 137 129 129 129 129 132 132
150 150 150 150 150 150 150 150 153 153 153 153 146 146 146 146 148 148 148 148 147 147 147 147 147 147 147 147 148 148 148 148 144 144 144 144 143 143 143 143 143 143 143 143 143 143 143 143 144 144 144 144 146 146 146 146 146 146 146 146 146 146 146 146 146 146 146 146 144 144 144 144 141 141 141 141 129 129 129 129 136 136 136 136 137 137 137 137 129 129 129 129 132 132
153 153 153 153 146 146 146 146 146 146 146 146 146 146 146 146 149 149 149 149 153 153 153 153 153 153 153 153 146 146 146 146 147 147 147 147 144 144 144 144 143 143 143 143 144 144 144 144 144 144 144 144 147 147 147 147 146 146 146 146 146 146 146 146 148 148 148 148 148 148 148 148 139 139 139 139 129 129 129 129 135 135 135 135 140 140 140 140 135 135 135 135 131 131
153 153 153 153 146 146 146 146 146 146 146 146 146 146 146 146 149 149 149 149 153 153 153 153 153 153 153 153 146 146 146 146 147 147 147 147 144 144 144 144 143 143 143 143 144 144 144 144 144 144 144 144 147 147 147 147 146 146 146 146 146 146 146 146 148 148 148 148 148 148 148 148 139 139 139 139 129 129 129 129 135 135 135 135 140 140 140 140 135 135 135 135 131 131
153 153 153 153 146 146 146 146 146 146 146 146 146 146 146 146 149 149 149 149 153 153 153 153 153 153 153 153 146 146 146 146 147 147 147 147 144 144 144 144 143 143 143 143 144 144 144 144 144 144 144 144 147 147 147 147 146 146 146 146 146 146 146 146 148 148 148 148 148 148 148 148 139 139 139 139 129 129 129 129 135 135 135 135 140 140 140 140 135 135 135 135 131 131
153 153 153 153 146 146 146 146 146 146 146 146 146 146 146 146 149 149 149 149 153 153 153 153 153 153 153 153 146 146 146 146 147 147 147 147 144 144 144 144 143 143 143 143 144 144 144 144 144 144 144 144 147 147 147 147 146 146 146 146 146 146 146 146 148 148 148 148 148 148 148 148 139 139 139 139 129 129 129 129 135 135 135 135 140 140 140 140 135 135 135 135 131 131
150 150 150 150 150 150 150 150 150 150 150 150 151 151 151 151 154 154 154 154 155 155 155 155 156 156 156 156 153 153 153 153 149 149 149 149 146 146 146 146 148 148 148 148 144 144 144 144 144 144 144 144 148 148 148 148 147 147 147 147 146 146 146 146 146 146 146 146 144 144 144 144 138 138 138 138 136 136 136 136 137 137 137 137 137 137 137 137 131 131 131 131 135 135
150 150 150 150 150 150 150 150 150 150 150 150 151 151 151 151 154 154 154 154 155 155 155 155 156 156 156 156 153 153 153 153 149 149 149 149 146 146 146 146 148 148 148 148 144 144 144 144 144 144 144 144 148 148 148 148 147 147 147 147 146 146 146 146 146 146 146 146 144 144 144 144 138 138 138 138 136 136 136 136 137 137 137 137 137 137 137 137 131 131 131 131 135 135
150 150 150 150 150 150 150 150 150 150 150 150 151 151 151 151 154 154 154 154 155 155 155 155 156 156 156 156 153 153 153 153 149 149 149 149 146 146 146 146 148 148 148 148 144 144 144 144 144 144 144 144 148 148 148 148 147 147 147 147 146 146 146 146 146 146 146 146 144 144 144 144 138 138 138 138 136 136 136 136 137 137 137 137 137 137 137 137 131 131 131 131 135 135
150 150 150 150 150 150 150 150 150 150 150 150 151 151 151 151 154 154 154 154 155 155 155 155 156 156 156 156 153 153 153 153 149 149 149 149 146 146 146 146 148 148 148 148 144 144 144 144 144 144 144 144 148 148 148 148 147 147 147 147 146 146 146 146 146 146 146 146 144 144 144 144 138 138 138 138 136 136 136 136 137 137 137 137 137 137 137 137 131 131 131 131 135 135
158 158 158 158 158 158 158 158 159 159 159 159 164 164 164 164 162 162 162 162 154 154 154 154 151 151 151 151 156 156 156 156 152 152 152 152 146 146 146 146 144 144 144 144 144 144 144 144 144 144 144 144 148 148 148 148 148 148 148 148 147 147 147 147 147 147 147 147 143 143 143 143 138 138 138 138 136 136 136 136 137 137 137 137 135 135 135 135 132 132 132 132 129 129
158 158 158 158 158 158 158 158 159 159 159 159 164 164 164 164 162 162 162 162 154 154 154 154 151 151 151 151 156 156 156 156 152 152 152 152 146 146 146 146 144 144 144 144 144 144 144 144 144 144 144 144 148 148 148 148 148 148 148 148 147 147 147 147 147 147 147 147 143 143 143 143 138 138 138 138 136 136 136 136 137 137 137 137 135 135 135 135 132 132 132 132 129 129
158 158 158 158 158 158 158 158 159 159 159 159 164 164 164 164 162 162 162 162 154 154 154 154 151 151 151 151 156 156 156 156 152 152 152 152 146 146 146 146 144 144 144 144 144 144 144 144 144 144 144 144 148 148 148 148 148 148 148 148 147 147 147 147 147 147 147 147 143 143 143 143 138 138 138 138 136 136 136 136 137 137 137 137 135 135 135 135 132 132 132 132 129 129
158 158 158 158 158 158 158 158 159 159 159 159 164 164 164 164 162 162 162 162 154 154 154 154 151 151 151 151 156 156 156 156 152 152 152 152 146 146 146 146 144 144 144 144 144 144 144 144 144 144 144 144 148 148 148 148 148 148 148 148 147 147 147 147 147 147 147 147 143 143 143 143 138 138 138 138 136 136 136 136 137 137 137 137 135 135 135 135 132 132 132 132 129 129
151 151 151 151 151 151 151 151 159 159 159 159 167 167 167 167 164 164 164 164 159 159 159 159 154 154 154 154 151 151 151 151 153 153 153 153 146 146 146 146 148 148 148 148 143 143 143 143 144 144 144 144 148 148 148 148 144 144 144 144 144 144 144 144 144 144 144 144 145 145 145 145 134 134 134 134 136 136 136 136 131 131 131 131 131 131 131 131 135 135 135 135 137 137
151 151 151 151 151 151 151 151 159 159 159 159 167 167 167 167 164 164 164 164 159 159 159 159 154 154 154 154 151 151 151 151 153 153 153 153 146 146 146 146 148 148 148 148 143 143 143 143 144 144 144 144 148 148 148 148 144 144 144 144 144 144 144 144 144 144 144 144 145 145 145 145 134 134 134 134 136 136 136 136 131 131 131 131 131 131 131 131 135 135 135 135 137 137
151 151 151 151 151 151 151 151 159 159 159 159 167 167 167 167 164 164 164 164 159 159 159 159 154 154 154 154 151 151 151 151 153 153 153 153 146 146 146 146 148 148 148 148 143 143 143 143 144 144 144 144 148 148 148 148 144 144 144 144 144 144 144 144 144 144 144 144 145 145 145 145 134 134 134 134 136 136 136 136 131 131 131 131 131 131 131 131 135 135 135 135 137 137
151 151 151 151 151 151 151 151 159 159 159 159 167 167 167 167 164 164 164 164 159 159 159 159 154 154 154 154 151 151 151 151 153 153 153 153 146 146 146 146 148 148 148 148 143 143 143 143 144 144 144 144 148 148 148 148 144 144 144 144 144 144 144 144 144 144 144 144 145 145 145 145 134 134 134 134 136 136 136 136 131 131 131 131 131 131 131 131 135 135 135 135 137 137
156 156 156 156 156 156 156 156 154 154 154 154 157 157 157 157 158 158 158 158 155 155 155 155 151 151 151 151 149 149 149 149 146 146 146 146 147 147 147 147 148 148 148 148 143 143 143 143 143 143 143 143 148 148 148 148 143 143 143 143 145 145 145 145 145 145 145 145 138 138 138 138 140 140 140 140 132 132 132 132 131 131 131 131 131 131 131 131 135 135 135 135 140 140
156 156 156 156 156 156 156 156 154 154 154 154 157 157 157 157 158 158 158 158 155 155 155 155 151 151 151 151 149 149 149 149 146 146 146 146 147 147 147 147 148 148 148 148 143 143 143 143 143 143 143 143 148 148 148 148 143 143 143 143 145 145 145 145 145 145 145 145 138 138 138 138 140 140 140 140 132 132 132 132 131 131 131 131 131 131 131 131 135 135 135 135 140 140
156 156 156 156 156 156 156 156 154 154 154 154 157 157 157 157 158 158 158 158 155 155 155 155 151 151 151 151 149 149 149 149 146 146 146 146 147 147 147 147 148 148 148 148 143 143 143 143 143 143 143 143 148 148 148 148 143 143 143 143 145 145 145 145 145 145 145 145 138 138 138 138 140 140 140 140 132 132 132 132 131 131 131 131 131 131 131 131 135 135 135 135 140 140
156 156 156 156 156 156 156 156 154 154 154 154 157 157 157 157 158 158 158 158 155 155 155 155 151 151 151 151 149 149 149 149 146 146 146 146 147 147 147 147 148 148 148 148 143 143 143 143 143 143 143 143 148 148 148 148 143 143 143 143 145 145 145 145 145 145 145 145 138 138 138 138 140 140 140 140 132 132 132 132 131 131 131 131 131 131 131 131 135 135 135 135 140 140
153 153 153 153 156 156 156 156 155 155 155 155 156 156 156 156 150 150 150 150 150 150 150 150 153 153 153 153 147 147 147 147 148 148 148 148 148 148 148 148 144 144 144 144 145 145 145 145 143 143 143 143 144 144 144 144 143 143 143 143 141 141 141 141 140 140 140 140 140 140 140 140 135 135 135 135 131 131 131 131 131 131 131 131 132 132 132 132 136 136 136 136 140 140
153 153 153 153 156 156 156 156 155 155 155 155 156 156 156 156 150 150 150 150 150 150 150 150 153 153 153 153 147 147 147 147 148 148 148 148 148 148 148 148 144 144 144 144 145 145 145 145 143 143 143 143 144 144 144 144 143 143 143 143 141 141 141 141 140 140 140 140 140 140 140 140 135 135 135 135 131 131 131 131 131 131 131 131 132 132 132 132 136 136 136 136 140 140
153 153 153 153 156 156 156 156 155 155 155 155 156 156 156 156 150 150 150 150 150 150 150 150 153 153 153 153 147 147 147 147 148 148 148 148 148 148 148 148 144 144 144 144 145 145 145 145 143 143 143 143 144 144 144 144 143 143 143 143 141 141 141 141 140 140 140 140 140 140 140 140 135 135 135 135 131 131 131 131 131 131 131 131 132 132 132 132 136 136 136 136 140 140
153 153 153 153 156 156 156 156 155 155 155 155 156 156 156 156 150 150 150 150 150 150 150 150 153 153 153 153 147 147 147 147 148 148 148 148 148 148 148 148 144 144 144 144 145 145 145 145 143 143 143 143 144 144 144 144 143 143 143 143 141 141 141 141 140 140 140 140 140 140 140 140 135 135 135 135 131 131 131 131 131 131 131 131 132 132 132 132 136 136 136 136 140 140
149 149 149 149 156 156 156 156 150 150 150 150 153 153 153 153 146 146 146 146 149 149 149 149 147 147 147 147 148 148 148 148 148 148 148 148 144 144 144 144 141 141 141 141 145 145 145 145 143 143 143 143 144 144 144 144 145 145 145 145 134 134 134 134 136 136 136 136 136 136 136 136 131 131 131 131 130 130 130 130 131 131 131 131 132 132 132 132 136 136 136 136 140 140
149 149 149 149 156 156 156 156 150 150 150 150 153 153 153 153 146 146 146 146 149 149 149 149 147 147 147 147 148 148 148 148 148 148 148 148 144 144 144 144 141 141 141 141 145 145 145 145 143 143 143 143 144 144 144 144 145 145 145 145 134 134 134 134 136 136 136 136 136 136 136 136 131 131 131 131 130 130 130 130 131 131 131 131 132 132 132 132 136 136 136 136 140 140
149 149 149 149 156 156 156 156 150 150 150 150 153 153 153 153 146 146 146 146 149 149 149 149 147 147 147 147 148 148 148 148 148 148 148 148 144 144 144 144 141 141 141 141 145 145 145 145 143 143 143 143 144 144 144 144 145 145 145 145 134 134 134 134 136 136 136 136 136 136 136 136 131 131 131 131 130 130 130 130 131 131 131 131 132 132 132 132 136 136 136 136 140 140
149 149 149 149 156 156 156 156 150 150 150 150 153 153 153 153 146 146 146 146 149 149 149 149 147 147 147 147 148 148 148 148 148 148 148 148 144 144 144 144 141 141 141 141 145 145 145 145 143 143 143 143 144 144 144 144 145 145 145 145 134 134 134 134 136 136 136 136 136 136 136 136 131 131 131 131 130 130 130 130 131 131 131 131 132 132 132 132 136 136 136 136 140 140
146 146 146 146 152 152 152 152 149 149 149 149 146 146 146 146 148 148 148 148 148 148 148 148 144 144 144 144 144 144 144 144 143 143 143 143 142 142 142 142 141 141 141 141 145 145 145 145 145 145 145 145 141 141 141 141 134 134 134 134 140 140 140 140 135 135 135 135 131 131 131 131 130 130 130 130 130 130 130 130 131 131 131 131 135 135 135 135 129 129 129 129 134 134
146 146 146 146 152 152 152 152 149 149 149 149 146 146 146 146 148 148 148 148 148 148 148 148 144 144 144 144 144 144 144 144 143 143 143 143 142 142 142 142 141 141 141 141 145 145 145 145 145 145 145 145 141 141 141 141 134 134 134 134 140 140 140 140 135 135 135 135 131 131 131 131 130 130 130 130 130 130 130 130 131 131 131 131 135 135 135 135 129 129 129 129 134 134
