Example_case_study_data/Madrid/elevation_madrid_250.asc
ncols        605
nrows        655
xllcorner    3075750.000000000000
yllcorner    1961750.000000000000
cellsize     250.000000000000
NODATA_value    -9999
[rows 168 to 209 of 655, columns 188 to 281 of 605]
156 156 156 156 156 156 156 156 151 151 151 151 155 155 155 155 156 156 156 156 156 156 156 156 152 152 152 152 152 152 152 152 151 151 151 151 151 151 151 151 155 155 155 155 158 158 158 158 154 154 154 154 155 155 155 155 156 156 156 156 156 156 156 156 155 155 155 155 156 156 156 156 151 151 151 151 155 155 155 155 154 154 154 154 154 154 154 154 159 159 159 159 157 157
156 156 156 156 156 156 156 156 151 151 151 151 155 155 155 155 156 156 156 156 156 156 156 156 152 152 152 152 152 152 152 152 151 151 151 151 151 151 151 151 155 155 155 155 158 158 158 158 154 154 154 154 155 155 155 155 156 156 156 156 156 156 156 156 155 155 155 155 156 156 156 156 151 151 151 151 155 155 155 155 154 154 154 154 154 154 154 154 159 159 159 159 157 157
156 156 156 156 156 156 156 156 151 151 151 151 155 155 155 155 156 156 156 156 156 156 156 156 152 152 152 152 152 152 152 152 151 151 151 151 151 151 151 151 155 155 155 155 158 158 158 158 154 154 154 154 155 155 155 155 156 156 156 156 156 156 156 156 155 155 155 155 156 156 156 156 151 151 151 151 155 155 155 155 154 154 154 154 154 154 154 154 159 159 159 159 157 157
156 156 156 156 156 156 156 156 151 151 151 151 155 155 155 155 156 156 156 156 156 156 156 156 152 152 152 152 152 152 152 152 151 151 151 151 151 151 151 151 155 155 155 155 158 158 158 158 154 154 154 154 155 155 155 155 156 156 156 156 156 156 156 156 155 155 155 155 156 156 156 156 151 151 151 151 155 155 155 155 154 154 154 154 154 154 154 154 159 159 159 159 157 157
156 156 156 156 155 155 155 155 158 158 158 158 156 156 156 156 156 156 156 156 150 150 150 150 150 150 150 150 153 153 153 153 150 150 150 150 156 156 156 156 151 151 151 151 158 158 158 158 155 155 155 155 155 155 155 155 154 154 154 154 155 155 155 155 158 158 158 158 154 154 154 154 154 154 154 154 159 159 159 159 157 157 157 157 157 157 157 157 157 157 157 157 160 160
156 156 156 156 155 155 155 155 158 158 158 158 156 156 156 156 156 156 156 156 150 150 150 150 150 150 150 150 153 153 153 153 150 150 150 150 156 156 156 156 151 151 151 151 158 158 158 158 155 155 155 155 155 155 155 155 154 154 154 154 155 155 155 155 158 158 158 158 154 154 154 154 154 154 154 154 159 159 159 159 157 157 157 157 157 157 157 157 157 157 157 157 160 160
156 156 156 156 155 155 155 155 158 158 158 158 156 156 156 156 156 156 156 156 150 150 150 150 150 150 150 150 153 153 153 153 150 150 150 150 156 156 156 156 151 151 151 151 158 158 158 158 155 155 155 155 155 155 155 155 154 154 154 154 155 155 155 155 158 158 158 158 154 154 154 154 154 154 154 154 159 159 159 159 157 157 157 157 157 157 157 157 157 157 157 157 160 160
156 156 156 156 155 155 155 155 158 158 158 158 156 156 156 156 156 156 156 156 150 150 150 150 150 150 150 150 153 153 153 153 150 150 150 150 156 156 156 156 151 151 151 151 158 158 158 158 155 155 155 155 155 155 155 155 154 154 154 154 155 155 155 155 158 158 158 158 154 154 154 154 154 154 154 154 159 159 159 159 157 157 157 157 157 157 157 157 157 157 157 157 160 160
154 154 154 154 159 159 159 159 158 158 158 158 151 151 151 151 156 156 156 156 156 156 156 156 156 156 156 156 153 153 153 153 156 156 156 156 156 156 156 156 156 156 156 156 151 151 151 151 158 158 158 158 159 159 159 159 154 154 154 154 158 158 158 158 159 159 159 159 157 157 157 157 157 157 157 157 157 157 157 157 160 160 160 160 160 160 160 160 161 161 161 161 161 161
154 154 154 154 159 159 159 159 158 158 158 158 151 151 151 151 156 156 156 156 156 156 156 156 156 156 156 156 153 153 153 153 156 156 156 156 156 156 156 156 156 156 156 156 151 151 151 151 158 158 158 158 159 159 159 159 154 154 154 154 158 158 158 158 159 159 159 159 157 157 157 157 157 157 157 157 157 157 157 157 160 160 160 160 160 160 160 160 161 161 161 161 161 161
154 154 154 154 159 159 159 159 158 158 158 158 151 151 151 151 156 156 156 156 156 156 156 156 156 156 156 156 153 153 153 153 156 156 156 156 156 156 156 156 156 156 156 156 151 151 151 151 158 158 158 158 159 159 159 159 154 154 154 154 158 158 158 158 159 159 159 159 157 157 157 157 157 157 157 157 157 157 157 157 160 160 160 160 160 160 160 160 161 161 161 161 161 161
154 154 154 154 159 159 159 159 158 158 158 158 151 151 151 151 156 156 156 156 156 156 156 156 156 156 156 156 153 153 153 153 156 156 156 156 156 156 156 156 156 156 156 156 151 151 151 151 158 158 158 158 159 159 159 159 154 154 154 154 158 158 158 158 159 159 159 159 157 157 157 157 157 157 157 157 157 157 157 157 160 160 160 160 160 160 160 160 161 161 161 161 161 161
157 157 157 157 157 157 157 157 159 159 159 159 158 158 158 158 151 151 151 151 151 151 151 151 156 156 156 156 156 156 156 156 156 156 156 156 156 156 156 156 151 151 151 151 154 154 154 154 159 159 159 159 157 157 157 157 159 159 159 159 159 159 159 159 157 157 157 157 160 160 160 160 160 160 160 160 161 161 161 161 163 163 163 163 162 162 162 162 164 164 164 164 164 164
157 157 157 157 157 157 157 157 159 159 159 159 158 158 158 158 151 151 151 151 151 151 151 151 156 156 156 156 156 156 156 156 156 156 156 156 156 156 156 156 151 151 151 151 154 154 154 154 159 159 159 159 157 157 157 157 159 159 159 159 159 159 159 159 157 157 157 157 160 160 160 160 160 160 160 160 161 161 161 161 163 163 163 163 162 162 162 162 164 164 164 164 164 164
157 157 157 157 157 157 157 157 159 159 159 159 158 158 158 158 151 151 151 151 151 151 151 151 156 156 156 156 156 156 156 156 156 156 156 156 156 156 156 156 151 151 151 151 154 154 154 154 159 159 159 159 157 157 157 157 159 159 159 159 159 159 159 159 157 157 157 157 160 160 160 160 160 160 160 160 161 161 161 161 163 163 163 163 162 162 162 162 164 164 164 164 164 164
157 157 157 157 157 157 157 157 159 159 159 159 158 158 158 158 151 151 151 151 151 151 151 151 156 156 156 156 156 156 156 156 156 156 156 156 156 156 156 156 151 151 151 151 154 154 154 154 159 159 159 159 157 157 157 157 159 159 159 159 159 159 159 159 157 157 157 157 160 160 160 160 160 160 160 160 161 161 161 161 163 163 163 163 162 162 162 162 164 164 164 164 164 164
161 161 161 161 160 160 160 160 157 157 157 157 157 157 157 157 157 157 157 157 154 154 154 154 151 151 151 151 151 151 151 151 155 155 155 155 151 151 151 151 154 154 154 154 154 154 154 154 157 157 157 157 160 160 160 160 161 161 161 161 160 160 160 160 161 161 161 161 163 163 163 163 163 163 163 163 164 164 164 164 165 165 165 165 167 167 167 167 167 167 167 167 168 168
161 161 161 161 160 160 160 160 157 157 157 157 157 157 157 157 157 157 157 157 154 154 154 154 151 151 151 151 151 151 151 151 155 155 155 155 151 151 151 151 154 154 154 154 154 154 154 154 157 157 157 157 160 160 160 160 161 161 161 161 160 160 160 160 161 161 161 161 163 163 163 163 163 163 163 163 164 164 164 164 165 165 165 165 167 167 167 167 167 167 167 167 168 168
161 161 161 161 160 160 160 160 157 157 157 157 157 157 157 157 157 157 157 157 154 154 154 154 151 151 151 151 151 151 151 151 155 155 155 155 151 151 151 151 154 154 154 154 154 154 154 154 157 157 157 157 160 160 160 160 161 161 161 161 160 160 160 160 161 161 161 161 163 163 163 163 163 163 163 163 164 164 164 164 165 165 165 165 167 167 167 167 167 167 167 167 168 168
161 161 161 161 160 160 160 160 157 157 157 157 157 157 157 157 157 157 157 157 154 154 154 154 151 151 151 151 151 151 151 151 155 155 155 155 151 151 151 151 154 154 154 154 154 154 154 154 157 157 157 157 160 160 160 160 161 161 161 161 160 160 160 160 161 161 161 161 163 163 163 163 163 163 163 163 164 164 164 164 165 165 165 165 167 167 167 167 167 167 167 167 168 168
162 162 162 162 163 163 163 163 160 160 160 160 157 157 157 157 161 161 161 161 163 163 163 163 157 157 157 157 154 154 154 154 158 158 158 158 156 156 156 156 154 154 154 154 157 157 157 157 161 161 161 161 162 162 162 162 164 164 164 164 168 168 168 168 167 167 167 167 165 165 165 165 165 165 165 165 168 168 168 168 168 168 168 168 169 169 169 169 171 171 171 171 170 170
162 162 162 162 163 163 163 163 160 160 160 160 157 157 157 157 161 161 161 161 163 163 163 163 157 157 157 157 154 154 154 154 158 158 158 158 156 156 156 156 154 154 154 154 157 157 157 157 161 161 161 161 162 162 162 162 164 164 164 164 168 168 168 168 167 167 167 167 165 165 165 165 165 165 165 165 168 168 168 168 168 168 168 168 169 169 169 169 171 171 171 171 170 170
162 162 162 162 163 163 163 163 160 160 160 160 157 157 157 157 161 161 161 161 163 163 163 163 157 157 157 157 154 154 154 154 158 158 158 158 156 156 156 156 154 154 154 154 157 157 157 157 161 161 161 161 162 162 162 162 164 164 164 164 168 168 168 168 167 167 167 167 165 165 165 165 165 165 165 165 168 168 168 168 168 168 168 168 169 169 169 169 171 171 171 171 170 170
162 162 162 162 163 163 163 163 160 160 160 160 157 157 157 157 161 161 161 161 163 163 163 163 157 157 157 157 154 154 154 154 158 158 158 158 156 156 156 156 154 154 154 154 157 157 157 157 161 161 161 161 162 162 162 162 164 164 164 164 168 168 168 168 167 167 167 167 165 165 165 165 165 165 165 165 168 168 168 168 168 168 168 168 169 169 169 169 171 171 171 171 170 170
163 163 163 163 163 163 163 163 163 163 163 163 161 161 161 161 161 161 161 161 165 165 165 165 162 162 162 162 161 161 161 161 157 157 157 157 158 158 158 158 154 154 154 154 160 160 160 160 164 164 164 164 165 165 165 165 167 167 167 167 170 170 170 170 174 174 174 174 170 170 170 170 169 169 169 169 170 170 170 170 170 170 170 170 172 172 172 172 175 175 175 175 179 179
163 163 163 163 163 163 163 163 163 163 163 163 161 161 161 161 161 161 161 161 165 165 165 165 162 162 162 162 161 161 161 161 157 157 157 157 158 158 158 158 154 154 154 154 160 160 160 160 164 164 164 164 165 165 165 165 167 167 167 167 170 170 170 170 174 174 174 174 170 170 170 170 169 169 169 169 170 170 170 170 170 170 170 170 172 172 172 172 175 175 175 175 179 179
163 163 163 163 163 163 163 163 163 163 163 163 161 161 161 161 161 161 161 161 165 165 165 165 162 162 162 162 161 161 161 161 157 157 157 157 158 158 158 158 154 154 154 154 160 160 160 160 164 164 164 164 165 165 165 165 167 167 167 167 170 170 170 170 174 174 174 174 170 170 170 170 169 169 169 169 170 170 170 170 170 170 170 170 172 172 172 172 175 175 175 175 179 179
163 163 163 163 163 163 163 163 163 163 163 163 161 161 161 161 161 161 161 161 165 165 165 165 162 162 162 162 161 161 161 161 157 157 157 157 158 158 158 158 154 154 154 154 160 160 160 160 164 164 164 164 165 165 165 165 167 167 167 167 170 170 170 170 174 174 174 174 170 170 170 170 169 169 169 169 170 170 170 170 170 170 170 170 172 172 172 172 175 175 175 175 179 179
162 162 162 162 163 163 163 163 163 163 163 163 161 161 161 161 162 162 162 162 167 167 167 167 167 167 167 167 167 167 167 167 161 161 161 161 154 154 154 154 157 157 157 157 163 163 163 163 165 165 165 165 169 169 169 169 170 170 170 170 174 174 174 174 179 179 179 179 177 177 177 177 174 174 174 174 174 174 174 174 175 175 175 175 178 178 178 178 181 181 181 181 181 181
162 162 162 162 163 163 163 163 163 163 163 163 161 161 161 161 162 162 162 162 167 167 167 167 167 167 167 167 167 167 167 167 161 161 161 161 154 154 154 154 157 157 157 157 163 163 163 163 165 165 165 165 169 169 169 169 170 170 170 170 174 174 174 174 179 179 179 179 177 177 177 177 174 174 174 174 174 174 174 174 175 175 175 175 178 178 178 178 181 181 181 181 181 181
162 162 162 162 163 163 163 163 163 163 163 163 161 161 161 161 162 162 162 162 167 167 167 167 167 167 167 167 167 167 167 167 161 161 161 161 154 154 154 154 157 157 157 157 163 163 163 163 165 165 165 165 169 169 169 169 170 170 170 170 174 174 174 174 179 179 179 179 177 177 177 177 174 174 174 174 174 174 174 174 175 175 175 175 178 178 178 178 181 181 181 181 181 181
162 162 162 162 163 163 163 163 163 163 163 163 161 161 161 161 162 162 162 162 167 167 167 167 167 167 167 167 167 167 167 167 161 161 161 161 154 154 154 154 157 157 157 157 163 163 163 163 165 165 165 165 169 169 169 169 170 170 170 170 174 174 174 174 179 179 179 179 177 177 177 177 174 174 174 174 174 174 174 174 175 175 175 175 178 178 178 178 181 181 181 181 181 181
163 163 163 163 162 162 162 162 162 162 162 162 164 164 164 164 164 164 164 164 165 165 165 165 169 169 169 169 166 166 166 166 163 163 163 163 157 157 157 157 163 163 163 163 164 164 164 164 167 167 167 167 170 170 170 170 175 175 175 175 179 179 179 179 178 178 178 178 178 178 178 178 180 180 180 180 176 176 176 176 180 180 180 180 183 183 183 183 183 183 183 183 181 181
163 163 163 163 162 162 162 162 162 162 162 162 164 164 164 164 164 164 164 164 165 165 165 165 169 169 169 169 166 166 166 166 163 163 163 163 157 157 157 157 163 163 163 163 164 164 164 164 167 167 167 167 170 170 170 170 175 175 175 175 179 179 179 179 178 178 178 178 178 178 178 178 180 180 180 180 176 176 176 176 180 180 180 180 183 183 183 183 183 183 183 183 181 181
163 163 163 163 162 162 162 162 162 162 162 162 164 164 164 164 164 164 164 164 165 165 165 165 169 169 169 169 166 166 166 166 163 163 163 163 157 157 157 157 163 163 163 163 164 164 164 164 167 167 167 167 170 170 170 170 175 175 175 175 179 179 179 179 178 178 178 178 178 178 178 178 180 180 180 180 176 176 176 176 180 180 180 180 183 183 183 183 183 183 183 183 181 181
163 163 163 163 162 162 162 162 162 162 162 162 164 164 164 164 164 164 164 164 165 165 165 165 169 169 169 169 166 166 166 166 163 163 163 163 157 157 157 157 163 163 163 163 164 164 164 164 167 167 167 167 170 170 170 170 175 175 175 175 179 179 179 179 178 178 178 178 178 178 178 178 180 180 180 180 176 176 176 176 180 180 180 180 183 183 183 183 183 183 183 183 181 181
164 164 164 164 164 164 164 164 167 167 167 167 167 167 167 167 167 167 167 167 168 168 168 168 171 171 171 171 165 165 165 165 161 161 161 161 160 160 160 160 162 162 162 162 165 165 165 165 165 165 165 165 166 166 166 166 170 170 170 170 174 174 174 174 176 176 176 176 178 178 178 178 180 180 180 180 178 178 178 178 180 180 180 180 180 180 180 180 180 180 180 180 181 181
164 164 164 164 164 164 164 164 167 167 167 167 167 167 167 167 167 167 167 167 168 168 168 168 171 171 171 171 165 165 165 165 161 161 161 161 160 160 160 160 162 162 162 162 165 165 165 165 165 165 165 165 166 166 166 166 170 170 170 170 174 174 174 174 176 176 176 176 178 178 178 178 180 180 180 180 178 178 178 178 180 180 180 180 180 180 180 180 180 180 180 180 181 181
164 164 164 164 164 164 164 164 167 167 167 167 167 167 167 167 167 167 167 167 168 168 168 168 171 171 171 171 165 165 165 165 161 161 161 161 160 160 160 160 162 162 162 162 165 165 165 165 165 165 165 165 166 166 166 166 170 170 170 170 174 174 174 174 176 176 176 176 178 178 178 178 180 180 180 180 178 178 178 178 180 180 180 180 180 180 180 180 180 180 180 180 181 181
164 164 164 164 164 164 164 164 167 167 167 167 167 167 167 167 167 167 167 167 168 168 168 168 171 171 171 171 165 165 165 165 161 161 161 161 160 160 160 160 162 162 162 162 165 165 165 165 165 165 165 165 166 166 166 166 170 170 170 170 174 174 174 174 176 176 176 176 178 178 178 178 180 180 180 180 178 178 178 178 180 180 180 180 180 180 180 180 180 180 180 180 181 181
165 165 165 165 165 165 165 165 168 168 168 168 166 166 166 166 167 167 167 167 165 165 165 165 165 165 165 165 162 162 162 162 161 161 161 161 161 161 161 161 163 163 163 163 162 162 162 162 164 164 164 164 167 167 167 167 168 168 168 168 169 169 169 169 172 172 172 172 174 174 174 174 174 174 174 174 177 177 177 177 175 175 175 175 175 175 175 175 178 178 178 178 181 181
165 165 165 165 165 165 165 165 168 168 168 168 166 166 166 166 167 167 167 167 165 165 165 165 165 165 165 165 162 162 162 162 161 161 161 161 161 161 161 161 163 163 163 163 162 162 162 162 164 164 164 164 167 167 167 167 168 168 168 168 169 169 169 169 172 172 172 172 174 174 174 174 174 174 174 174 177 177 177 177 175 175 175 175 175 175 175 175 178 178 178 178 181 181
