Example_case_study_data/Madrid/elevation_madrid_250.asc
ncols        605
nrows        655
xllcorner    3075750.000000000000
yllcorner    1961750.000000000000
cellsize     250.000000000000
NODATA_value    -9999
[rows 294 to 335 of 655, columns 188 to 281 of 605]
156 156 156 156 158 158 158 158 160 160 160 160 165 165 165 165 168 168 168 168 169 169 169 169 168 168 168 168 163 163 163 163 163 163 163 163 158 158 158 158 150 150 150 150 153 153 153 153 146 146 146 146 148 148 148 148 148 148 148 148 148 148 148 148 146 146 146 146 147 147 147 147 148 148 148 148 148 148 148 148 146 146 146 146 147 147 147 147 147 147 147 147 147 147
156 156 156 156 158 158 158 158 160 160 160 160 165 165 165 165 168 168 168 168 169 169 169 169 168 168 168 168 163 163 163 163 163 163 163 163 158 158 158 158 150 150 150 150 153 153 153 153 146 146 146 146 148 148 148 148 148 148 148 148 148 148 148 148 146 146 146 146 147 147 147 147 148 148 148 148 148 148 148 148 146 146 146 146 147 147 147 147 147 147 147 147 147 147
153 153 153 153 155 155 155 155 163 163 163 163 168 168 168 168 173 173 173 173 166 166 166 166 164 164 164 164 165 165 165 165 166 166 166 166 154 154 154 154 156 156 156 156 146 146 146 146 146 146 146 146 148 148 148 148 148 148 148 148 148 148 148 148 147 147 147 147 148 148 148 148 148 148 148 148 144 144 144 144 147 147 147 147 147 147 147 147 146 146 146 146 147 147
153 153 153 153 155 155 155 155 163 163 163 163 168 168 168 168 173 173 173 173 166 166 166 166 164 164 164 164 165 165 165 165 166 166 166 166 154 154 154 154 156 156 156 156 146 146 146 146 146 146 146 146 148 148 148 148 148 148 148 148 148 148 148 148 147 147 147 147 148 148 148 148 148 148 148 148 144 144 144 144 147 147 147 147 147 147 147 147 146 146 146 146 147 147
153 153 153 153 155 155 155 155 163 163 163 163 168 168 168 168 173 173 173 173 166 166 166 166 164 164 164 164 165 165 165 165 166 166 166 166 154 154 154 154 156 156 156 156 146 146 146 146 146 146 146 146 148 148 148 148 148 148 148 148 148 148 148 148 147 147 147 147 148 148 148 148 148 148 148 148 144 144 144 144 147 147 147 147 147 147 147 147 146 146 146 146 147 147
153 153 153 153 155 155 155 155 163 163 163 163 168 168 168 168 173 173 173 173 166 166 166 166 164 164 164 164 165 165 165 165 166 166 166 166 154 154 154 154 156 156 156 156 146 146 146 146 146 146 146 146 148 148 148 148 148 148 148 148 148 148 148 148 147 147 147 147 148 148 148 148 148 148 148 148 144 144 144 144 147 147 147 147 147 147 147 147 146 146 146 146 147 147
152 152 152 152 157 157 157 157 164 164 164 164 168 168 168 168 167 167 167 167 161 161 161 161 160 160 160 160 163 163 163 163 165 165 165 165 157 157 157 157 156 156 156 156 153 153 153 153 146 146 146 146 146 146 146 146 148 148 148 148 144 144 144 144 148 148 148 148 148 148 148 148 144 144 144 144 144 144 144 144 147 147 147 147 147 147 147 147 148 148 148 148 146 146
152 152 152 152 157 157 157 157 164 164 164 164 168 168 168 168 167 167 167 167 161 161 161 161 160 160 160 160 163 163 163 163 165 165 165 165 157 157 157 157 156 156 156 156 153 153 153 153 146 146 146 146 146 146 146 146 148 148 148 148 144 144 144 144 148 148 148 148 148 148 148 148 144 144 144 144 144 144 144 144 147 147 147 147 147 147 147 147 148 148 148 148 146 146
152 152 152 152 157 157 157 157 164 164 164 164 168 168 168 168 167 167 167 167 161 161 161 161 160 160 160 160 163 163 163 163 165 165 165 165 157 157 157 157 156 156 156 156 153 153 153 153 146 146 146 146 146 146 146 146 148 148 148 148 144 144 144 144 148 148 148 148 148 148 148 148 144 144 144 144 144 144 144 144 147 147 147 147 147 147 147 147 148 148 148 148 146 146
152 152 152 152 157 157 157 157 164 164 164 164 168 168 168 168 167 167 167 167 161 161 161 161 160 160 160 160 163 163 163 163 165 165 165 165 157 157 157 157 156 156 156 156 153 153 153 153 146 146 146 146 146 146 146 146 148 148 148 148 144 144 144 144 148 148 148 148 148 148 148 148 144 144 144 144 144 144 144 144 147 147 147 147 147 147 147 147 148 148 148 148 146 146
152 152 152 152 157 157 157 157 161 161 161 161 161 161 161 161 159 159 159 159 155 155 155 155 151 151 151 151 155 155 155 155 161 161 161 161 154 154 154 154 150 150 150 150 149 149 149 149 146 146 146 146 146 146 146 146 148 148 148 148 144 144 144 144 144 144 144 144 148 148 148 148 143 143 143 143 144 144 144 144 146 146 146 146 146 146 146 146 148 148 148 148 148 148
152 152 152 152 157 157 157 157 161 161 161 161 161 161 161 161 159 159 159 159 155 155 155 155 151 151 151 151 155 155 155 155 161 161 161 161 154 154 154 154 150 150 150 150 149 149 149 149 146 146 146 146 146 146 146 146 148 148 148 148 144 144 144 144 144 144 144 144 148 148 148 148 143 143 143 143 144 144 144 144 146 146 146 146 146 146 146 146 148 148 148 148 148 148
152 152 152 152 157 157 157 157 161 161 161 161 161 161 161 161 159 159 159 159 155 155 155 155 151 151 151 151 155 155 155 155 161 161 161 161 154 154 154 154 150 150 150 150 149 149 149 149 146 146 146 146 146 146 146 146 148 148 148 148 144 144 144 144 144 144 144 144 148 148 148 148 143 143 143 143 144 144 144 144 146 146 146 146 146 146 146 146 148 148 148 148 148 148
152 152 152 152 157 157 157 157 161 161 161 161 161 161 161 161 159 159 159 159 155 155 155 155 151 151 151 151 155 155 155 155 161 161 161 161 154 154 154 154 150 150 150 150 149 149 149 149 146 146 146 146 146 146 146 146 148 148 148 148 144 144 144 144 144 144 144 144 148 148 148 148 143 143 143 143 144 144 144 144 146 146 146 146 146 146 146 146 148 148 148 148 148 148
149 149 149 149 156 156 156 156 150 150 150 150 151 151 151 151 156 156 156 156 152 152 152 152 150 150 150 150 156 156 156 156 156 156 156 156 156 156 156 156 153 153 153 153 149 149 149 149 146 146 146 146 149 149 149 149 148 148 148 148 144 144 144 144 143 143 143 143 144 144 144 144 143 143 143 143 148 148 148 148 147 147 147 147 146 146 146 146 148 148 148 148 148 148
149 149 149 149 156 156 156 156 150 150 150 150 151 151 151 151 156 156 156 156 152 152 152 152 150 150 150 150 156 156 156 156 156 156 156 156 156 156 156 156 153 153 153 153 149 149 149 149 146 146 146 146 149 149 149 149 148 148 148 148 144 144 144 144 143 143 143 143 144 144 144 144 143 143 143 143 148 148 148 148 147 147 147 147 146 146 146 146 148 148 148 148 148 148
149 149 149 149 156 156 156 156 150 150 150 150 151 151 151 151 156 156 156 156 152 152 152 152 150 150 150 150 156 156 156 156 156 156 156 156 156 156 156 156 153 153 153 153 149 149 149 149 146 146 146 146 149 149 149 149 148 148 148 148 144 144 144 144 143 143 143 143 144 144 144 144 143 143 143 143 148 148 148 148 147 147 147 147 146 146 146 146 148 148 148 148 148 148
149 149 149 149 156 156 156 156 150 150 150 150 151 151 151 151 156 156 156 156 152 152 152 152 150 150 150 150 156 156 156 156 156 156 156 156 156 156 156 156 153 153 153 153 149 149 149 149 146 146 146 146 149 149 149 149 148 148 148 148 144 144 144 144 143 143 143 143 144 144 144 144 143 143 143 143 148 148 148 148 147 147 147 147 146 146 146 146 148 148 148 148 148 148
146 146 146 146 146 146 146 146 153 153 153 153 158 158 158 158 152 152 152 152 153 153 153 153 153 153 153 153 152 152 152 152 153 153 153 153 152 152 152 152 153 153 153 153 146 146 146 146 146 146 146 146 146 146 146 146 144 144 144 144 144 144 144 144 143 143 143 143 143 143 143 143 143 143 143 143 144 144 144 144 144 144 144 144 147 147 147 147 146 146 146 146 148 148
146 146 146 146 146 146 146 146 153 153 153 153 158 158 158 158 152 152 152 152 153 153 153 153 153 153 153 153 152 152 152 152 153 153 153 153 152 152 152 152 153 153 153 153 146 146 146 146 146 146 146 146 146 146 146 146 144 144 144 144 144 144 144 144 143 143 143 143 143 143 143 143 143 143 143 143 144 144 144 144 144 144 144 144 147 147 147 147 146 146 146 146 148 148
146 146 146 146 146 146 146 146 153 153 153 153 158 158 158 158 152 152 152 152 153 153 153 153 153 153 153 153 152 152 152 152 153 153 153 153 152 152 152 152 153 153 153 153 146 146 146 146 146 146 146 146 146 146 146 146 144 144 144 144 144 144 144 144 143 143 143 143 143 143 143 143 143 143 143 143 144 144 144 144 144 144 144 144 147 147 147 147 146 146 146 146 148 148
146 146 146 146 146 146 146 146 153 153 153 153 158 158 158 158 152 152 152 152 153 153 153 153 153 153 153 153 152 152 152 152 153 153 153 153 152 152 152 152 153 153 153 153 146 146 146 146 146 146 146 146 146 146 146 146 144 144 144 144 144 144 144 144 143 143 143 143 143 143 143 143 143 143 143 143 144 144 144 144 144 144 144 144 147 147 147 147 146 146 146 146 148 148
146 146 146 146 146 146 146 146 158 158 158 158 154 154 154 154 152 152 152 152 146 146 146 146 146 146 146 146 149 149 149 149 149 149 149 149 146 146 146 146 149 149 149 149 146 146 146 146 147 147 147 147 147 147 147 147 148 148 148 148 148 148 148 148 143 143 143 143 142 142 142 142 144 144 144 144 144 144 144 144 144 144 144 144 148 148 148 148 147 147 147 147 147 147
146 146 146 146 146 146 146 146 158 158 158 158 154 154 154 154 152 152 152 152 146 146 146 146 146 146 146 146 149 149 149 149 149 149 149 149 146 146 146 146 149 149 149 149 146 146 146 146 147 147 147 147 147 147 147 147 148 148 148 148 148 148 148 148 143 143 143 143 142 142 142 142 144 144 144 144 144 144 144 144 144 144 144 144 148 148 148 148 147 147 147 147 147 147
146 146 146 146 146 146 146 146 158 158 158 158 154 154 154 154 152 152 152 152 146 146 146 146 146 146 146 146 149 149 149 149 149 149 149 149 146 146 146 146 149 149 149 149 146 146 146 146 147 147 147 147 147 147 147 147 148 148 148 148 148 148 148 148 143 143 143 143 142 142 142 142 144 144 144 144 144 144 144 144 144 144 144 144 148 148 148 148 147 147 147 147 147 147
146 146 146 146 146 146 146 146 158 158 158 158 154 154 154 154 152 152 152 152 146 146 146 146 146 146 146 146 149 149 149 149 149 149 149 149 146 146 146 146 149 149 149 149 146 146 146 146 147 147 147 147 147 147 147 147 148 148 148 148 148 148 148 148 143 143 143 143 142 142 142 142 144 144 144 144 144 144 144 144 144 144 144 144 148 148 148 148 147 147 147 147 147 147
147 147 147 147 150 150 150 150 157 157 157 157 156 156 156 156 156 156 156 156 152 152 152 152 146 146 146 146 147 147 147 147 146 146 146 146 147 147 147 147 148 148 148 148 146 146 146 146 147 147 147 147 148 148 148 148 148 148 148 148 148 148 148 148 143 143 143 143 142 142 142 142 143 143 143 143 143 143 143 143 144 144 144 144 144 144 144 144 148 148 148 148 146 146
147 147 147 147 150 150 150 150 157 157 157 157 156 156 156 156 156 156 156 156 152 152 152 152 146 146 146 146 147 147 147 147 146 146 146 146 147 147 147 147 148 148 148 148 146 146 146 146 147 147 147 147 148 148 148 148 148 148 148 148 148 148 148 148 143 143 143 143 142 142 142 142 143 143 143 143 143 143 143 143 144 144 144 144 144 144 144 144 148 148 148 148 146 146
147 147 147 147 150 150 150 150 157 157 157 157 156 156 156 156 156 156 156 156 152 152 152 152 146 146 146 146 147 147 147 147 146 146 146 146 147 147 147 147 148 148 148 148 146 146 146 146 147 147 147 147 148 148 148 148 148 148 148 148 148 148 148 148 143 143 143 143 142 142 142 142 143 143 143 143 143 143 143 143 144 144 144 144 144 144 144 144 148 148 148 148 146 146
147 147 147 147 150 150 150 150 157 157 157 157 156 156 156 156 156 156 156 156 152 152 152 152 146 146 146 146 147 147 147 147 146 146 146 146 147 147 147 147 148 148 148 148 146 146 146 146 147 147 147 147 148 148 148 148 148 148 148 148 148 148 148 148 143 143 143 143 142 142 142 142 143 143 143 143 143 143 143 143 144 144 144 144 144 144 144 144 148 148 148 148 146 146
153 153 153 153 154 154 154 154 156 156 156 156 152 152 152 152 152 152 152 152 153 153 153 153 149 149 149 149 148 148 148 148 147 147 147 147 148 148 148 148 144 144 144 144 148 148 148 148 148 148 148 148 144 144 144 144 148 148 148 148 148 148 148 148 143 143 143 143 143 143 143 143 145 145 145 145 143 143 143 143 144 144 144 144 144 144 144 144 144 144 144 144 144 144
153 153 153 153 154 154 154 154 156 156 156 156 152 152 152 152 152 152 152 152 153 153 153 153 149 149 149 149 148 148 148 148 147 147 147 147 148 148 148 148 144 144 144 144 148 148 148 148 148 148 148 148 144 144 144 144 148 148 148 148 148 148 148 148 143 143 143 143 143 143 143 143 145 145 145 145 143 143 143 143 144 144 144 144 144 144 144 144 144 144 144 144 144 144
153 153 153 153 154 154 154 154 156 156 156 156 152 152 152 152 152 152 152 152 153 153 153 153 149 149 149 149 148 148 148 148 147 147 147 147 148 148 148 148 144 144 144 144 148 148 148 148 148 148 148 148 144 144 144 144 148 148 148 148 148 148 148 148 143 143 143 143 143 143 143 143 145 145 145 145 143 143 143 143 144 144 144 144 144 144 144 144 144 144 144 144 144 144
153 153 153 153 154 154 154 154 156 156 156 156 152 152 152 152 152 152 152 152 153 153 153 153 149 149 149 149 148 148 148 148 147 147 147 147 148 148 148 148 144 144 144 144 148 148 148 148 148 148 148 148 144 144 144 144 148 148 148 148 148 148 148 148 143 143 143 143 143 143 143 143 145 145 145 145 143 143 143 143 144 144 144 144 144 144 144 144 144 144 144 144 144 144
156 156 156 156 150 150 150 150 148 148 148 148 146 146 146 146 148 148 148 148 146 146 146 146 146 146 146 146 146 146 146 146 144 144 144 144 144 144 144 144 142 142 142 142 143 143 143 143 144 144 144 144 144 144 144 144 144 144 144 144 148 148 148 148 144 144 144 144 144 144 144 144 145 145 145 145 145 145 145 145 143 143 143 143 142 142 142 142 144 144 144 144 145 145
156 156 156 156 150 150 150 150 148 148 148 148 146 146 146 146 148 148 148 148 146 146 146 146 146 146 146 146 146 146 146 146 144 144 144 144 144 144 144 144 142 142 142 142 143 143 143 143 144 144 144 144 144 144 144 144 144 144 144 144 148 148 148 148 144 144 144 144 144 144 144 144 145 145 145 145 145 145 145 145 143 143 143 143 142 142 142 142 144 144 144 144 145 145
156 156 156 156 150 150 150 150 148 148 148 148 146 146 146 146 148 148 148 148 146 146 146 146 146 146 146 146 146 146 146 146 144 144 144 144 144 144 144 144 142 142 142 142 143 143 143 143 144 144 144 144 144 144 144 144 144 144 144 144 148 148 148 148 144 144 144 144 144 144 144 144 145 145 145 145 145 145 145 145 143 143 143 143 142 142 142 142 144 144 144 144 145 145
156 156 156 156 150 150 150 150 148 148 148 148 146 146 146 146 148 148 148 148 146 146 146 146 146 146 146 146 146 146 146 146 144 144 144 144 144 144 144 144 142 142 142 142 143 143 143 143 144 144 144 144 144 144 144 144 144 144 144 144 148 148 148 148 144 144 144 144 144 144 144 144 145 145 145 145 145 145 145 145 143 143 143 143 142 142 142 142 144 144 144 144 145 145
144 144 144 144 144 144 144 144 144 144 144 144 144 144 144 144 144 144 144 144 148 148 148 148 146 146 146 146 146 146 146 146 144 144 144 144 143 143 143 143 141 141 141 141 139 139 139 139 142 142 142 142 145 145 145 145 142 142 142 142 144 144 144 144 144 144 144 144 144 144 144 144 145 145 145 145 145 145 145 145 142 142 142 142 139 139 139 139 141 141 141 141 140 140
144 144 144 144 144 144 144 144 144 144 144 144 144 144 144 144 144 144 144 144 148 148 148 148 146 146 146 146 146 146 146 146 144 144 144 144 143 143 143 143 141 141 141 141 139 139 139 139 142 142 142 142 145 145 145 145 142 142 142 142 144 144 144 144 144 144 144 144 144 144 144 144 145 145 145 145 145 145 145 145 142 142 142 142 139 139 139 139 141 141 141 141 140 140
144 144 144 144 144 144 144 144 144 144 144 144 144 144 144 144 144 144 144 144 148 148 148 148 146 146 146 146 146 146 146 146 144 144 144 144 143 143 143 143 141 141 141 141 139 139 139 139 142 142 142 142 145 145 145 145 142 142 142 142 144 144 144 144 144 144 144 144 144 144 144 144 145 145 145 145 145 145 145 145 142 142 142 142 139 139 139 139 141 141 141 141 140 140
144 144 144 144 144 144 144 144 144 144 144 144 144 144 144 144 144 144 144 144 148 148 148 148 146 146 146 146 146 146 146 146 144 144 144 144 143 143 143 143 141 141 141 141 139 139 139 139 142 142 142 142 145 145 145 145 142 142 142 142 144 144 144 144 144 144 144 144 144 144 144 144 145 145 145 145 145 145 145 145 142 142 142 142 139 139 139 139 141 141 141 141 140 140
