Example_case_study_data/Madrid/slope_madrid_250.asc
ncols        605
nrows        655
xllcorner    3075750.000000000000
yllcorner    1961750.000000000000
cellsize     250.000000000000
NODATA_value    -9999
[rows 580 to 608 of 655, columns 469 to 535 of 605]
0.37165 0.37165 0.37165 0.22638 0.22638 0.22638 0.22638 0.03953 0.03953 0.03953 0.03953 0.03536 0.03536 0.03536 0.03536 0.10753 0.10753 0.10753 0.10753 0.21287 0.21287 0.21287 0.21287 0.12748 0.12748 0.12748 0.12748 0.07906 0.07906 0.07906 0.07906 0.08839 0.08839 0.08839 0.08839 0.11319 0.11319 0.11319 0.11319 0.24044 0.24044 0.24044 0.24044 0.35223 0.35223 0.35223 0.35223 0.41269 0.41269 0.41269 0.41269 0.39251 0.39251 0.39251 0.39251 0.23049 0.23049 0.23049 0.23049 0.14142 0.14142 0.14142 0.14142 0.18200 0.18200 0.18200 0.18200
0.37165 0.37165 0.37165 0.22638 0.22638 0.22638 0.22638 0.03953 0.03953 0.03953 0.03953 0.03536 0.03536 0.03536 0.03536 0.10753 0.10753 0.10753 0.10753 0.21287 0.21287 0.21287 0.21287 0.12748 0.12748 0.12748 0.12748 0.07906 0.07906 0.07906 0.07906 0.08839 0.08839 0.08839 0.08839 0.11319 0.11319 0.11319 0.11319 0.24044 0.24044 0.24044 0.24044 0.35223 0.35223 0.35223 0.35223 0.41269 0.41269 0.41269 0.41269 0.39251 0.39251 0.39251 0.39251 0.23049 0.23049 0.23049 0.23049 0.14142 0.14142 0.14142 0.14142 0.18200 0.18200 0.18200 0.18200
0.37165 0.37165 0.37165 0.22638 0.22638 0.22638 0.22638 0.03953 0.03953 0.03953 0.03953 0.03536 0.03536 0.03536 0.03536 0.10753 0.10753 0.10753 0.10753 0.21287 0.21287 0.21287 0.21287 0.12748 0.12748 0.12748 0.12748 0.07906 0.07906 0.07906 0.07906 0.08839 0.08839 0.08839 0.08839 0.11319 0.11319 0.11319 0.11319 0.24044 0.24044 0.24044 0.24044 0.35223 0.35223 0.35223 0.35223 0.41269 0.41269 0.41269 0.41269 0.39251 0.39251 0.39251 0.39251 0.23049 0.23049 0.23049 0.23049 0.14142 0.14142 0.14142 0.14142 0.18200 0.18200 0.18200 0.18200
0.37165 0.37165 0.37165 0.22638 0.22638 0.22638 0.22638 0.03953 0.03953 0.03953 0.03953 0.03536 0.03536 0.03536 0.03536 0.10753 0.10753 0.10753 0.10753 0.21287 0.21287 0.21287 0.21287 0.12748 0.12748 0.12748 0.12748 0.07906 0.07906 0.07906 0.07906 0.08839 0.08839 0.08839 0.08839 0.11319 0.11319 0.11319 0.11319 0.24044 0.24044 0.24044 0.24044 0.35223 0.35223 0.35223 0.35223 0.41269 0.41269 0.41269 0.41269 0.39251 0.39251 0.39251 0.39251 0.23049 0.23049 0.23049 0.23049 0.14142 0.14142 0.14142 0.14142 0.18200 0.18200 0.18200 0.18200
0.26517 0.26517 0.26517 0.11859 0.11859 0.11859 0.11859 0.08839 0.08839 0.08839 0.08839 0.06374 0.06374 0.06374 0.06374 0.14252 0.14252 0.14252 0.14252 0.20156 0.20156 0.20156 0.20156 0.11859 0.11859 0.11859 0.11859 0.20691 0.20691 0.20691 0.20691 0.30516 0.30516 0.30516 0.30516 0.34821 0.34821 0.34821 0.34821 0.37165 0.37165 0.37165 0.37165 0.29155 0.29155 0.29155 0.29155 0.12748 0.12748 0.12748 0.12748 0.05590 0.05590 0.05590 0.05590 0.09014 0.09014 0.09014 0.09014 0.34324 0.34324 0.34324 0.34324 0.31869 0.31869 0.31869 0.31869
0.26517 0.26517 0.26517 0.11859 0.11859 0.11859 0.11859 0.08839 0.08839 0.08839 0.08839 0.06374 0.06374 0.06374 0.06374 0.14252 0.14252 0.14252 0.14252 0.20156 0.20156 0.20156 0.20156 0.11859 0.11859 0.11859 0.11859 0.20691 0.20691 0.20691 0.20691 0.30516 0.30516 0.30516 0.30516 0.34821 0.34821 0.34821 0.34821 0.37165 0.37165 0.37165 0.37165 0.29155 0.29155 0.29155 0.29155 0.12748 0.12748 0.12748 0.12748 0.05590 0.05590 0.05590 0.05590 0.09014 0.09014 0.09014 0.09014 0.34324 0.34324 0.34324 0.34324 0.31869 0.31869 0.31869 0.31869
0.26517 0.26517 0.26517 0.11859 0.11859 0.11859 0.11859 0.08839 0.08839 0.08839 0.08839 0.06374 0.06374 0.06374 0.06374 0.14252 0.14252 0.14252 0.14252 0.20156 0.20156 0.20156 0.20156 0.11859 0.11859 0.11859 0.11859 0.20691 0.20691 0.20691 0.20691 0.30516 0.30516 0.30516 0.30516 0.34821 0.34821 0.34821 0.34821 0.37165 0.37165 0.37165 0.37165 0.29155 0.29155 0.29155 0.29155 0.12748 0.12748 0.12748 0.12748 0.05590 0.05590 0.05590 0.05590 0.09014 0.09014 0.09014 0.09014 0.34324 0.34324 0.34324 0.34324 0.31869 0.31869 0.31869 0.31869
0.26517 0.26517 0.26517 0.11859 0.11859 0.11859 0.11859 0.08839 0.08839 0.08839 0.08839 0.06374 0.06374 0.06374 0.06374 0.14252 0.14252 0.14252 0.14252 0.20156 0.20156 0.20156 0.20156 0.11859 0.11859 0.11859 0.11859 0.20691 0.20691 0.20691 0.20691 0.30516 0.30516 0.30516 0.30516 0.34821 0.34821 0.34821 0.34821 0.37165 0.37165 0.37165 0.37165 0.29155 0.29155 0.29155 0.29155 0.12748 0.12748 0.12748 0.12748 0.05590 0.05590 0.05590 0.05590 0.09014 0.09014 0.09014 0.09014 0.34324 0.34324 0.34324 0.34324 0.31869 0.31869 0.31869 0.31869
0.12500 0.12500 0.12500 0.07071 0.07071 0.07071 0.07071 0.15207 0.15207 0.15207 0.15207 0.22981 0.22981 0.22981 0.22981 0.19764 0.19764 0.19764 0.19764 0.21287 0.21287 0.21287 0.21287 0.23717 0.23717 0.23717 0.23717 0.35000 0.35000 0.35000 0.35000 0.38079 0.38079 0.38079 0.38079 0.26280 0.26280 0.26280 0.26280 0.13463 0.13463 0.13463 0.13463 0.00000 0.00000 0.00000 0.00000 0.15910 0.15910 0.15910 0.15910 0.19764 0.19764 0.19764 0.19764 0.16771 0.16771 0.16771 0.16771 0.26517 0.26517 0.26517 0.26517 0.15207 0.15207 0.15207 0.15207
0.12500 0.12500 0.12500 0.07071 0.07071 0.07071 0.07071 0.15207 0.15207 0.15207 0.15207 0.22981 0.22981 0.22981 0.22981 0.19764 0.19764 0.19764 0.19764 0.21287 0.21287 0.21287 0.21287 0.23717 0.23717 0.23717 0.23717 0.35000 0.35000 0.35000 0.35000 0.38079 0.38079 0.38079 0.38079 0.26280 0.26280 0.26280 0.26280 0.13463 0.13463 0.13463 0.13463 0.00000 0.00000 0.00000 0.00000 0.15910 0.15910 0.15910 0.15910 0.19764 0.19764 0.19764 0.19764 0.16771 0.16771 0.16771 0.16771 0.26517 0.26517 0.26517 0.26517 0.15207 0.15207 0.15207 0.15207
0.12500 0.12500 0.12500 0.07071 0.07071 0.07071 0.07071 0.15207 0.15207 0.15207 0.15207 0.22981 0.22981 0.22981 0.22981 0.19764 0.19764 0.19764 0.19764 0.21287 0.21287 0.21287 0.21287 0.23717 0.23717 0.23717 0.23717 0.35000 0.35000 0.35000 0.35000 0.38079 0.38079 0.38079 0.38079 0.26280 0.26280 0.26280 0.26280 0.13463 0.13463 0.13463 0.13463 0.00000 0.00000 0.00000 0.00000 0.15910 0.15910 0.15910 0.15910 0.19764 0.19764 0.19764 0.19764 0.16771 0.16771 0.16771 0.16771 0.26517 0.26517 0.26517 0.26517 0.15207 0.15207 0.15207 0.15207
0.12500 0.12500 0.12500 0.07071 0.07071 0.07071 0.07071 0.15207 0.15207 0.15207 0.15207 0.22981 0.22981 0.22981 0.22981 0.19764 0.19764 0.19764 0.19764 0.21287 0.21287 0.21287 0.21287 0.23717 0.23717 0.23717 0.23717 0.35000 0.35000 0.35000 0.35000 0.38079 0.38079 0.38079 0.38079 0.26280 0.26280 0.26280 0.26280 0.13463 0.13463 0.13463 0.13463 0.00000 0.00000 0.00000 0.00000 0.15910 0.15910 0.15910 0.15910 0.19764 0.19764 0.19764 0.19764 0.16771 0.16771 0.16771 0.16771 0.26517 0.26517 0.26517 0.26517 0.15207 0.15207 0.15207 0.15207
0.00000 0.00000 0.00000 0.07289 0.07289 0.07289 0.07289 0.16771 0.16771 0.16771 0.16771 0.25739 0.25739 0.25739 0.25739 0.30052 0.30052 0.30052 0.30052 0.27951 0.27951 0.27951 0.27951 0.19764 0.19764 0.19764 0.19764 0.10308 0.10308 0.10308 0.10308 0.09014 0.09014 0.09014 0.09014 0.02500 0.02500 0.02500 0.02500 0.13463 0.13463 0.13463 0.13463 0.19039 0.19039 0.19039 0.19039 0.16008 0.16008 0.16008 0.16008 0.07906 0.07906 0.07906 0.07906 0.11859 0.11859 0.11859 0.11859 0.16771 0.16771 0.16771 0.16771 0.09520 0.09520 0.09520 0.09520
0.00000 0.00000 0.00000 0.07289 0.07289 0.07289 0.07289 0.16771 0.16771 0.16771 0.16771 0.25739 0.25739 0.25739 0.25739 0.30052 0.30052 0.30052 0.30052 0.27951 0.27951 0.27951 0.27951 0.19764 0.19764 0.19764 0.19764 0.10308 0.10308 0.10308 0.10308 0.09014 0.09014 0.09014 0.09014 0.02500 0.02500 0.02500 0.02500 0.13463 0.13463 0.13463 0.13463 0.19039 0.19039 0.19039 0.19039 0.16008 0.16008 0.16008 0.16008 0.07906 0.07906 0.07906 0.07906 0.11859 0.11859 0.11859 0.11859 0.16771 0.16771 0.16771 0.16771 0.09520 0.09520 0.09520 0.09520
0.00000 0.00000 0.00000 0.07289 0.07289 0.07289 0.07289 0.16771 0.16771 0.16771 0.16771 0.25739 0.25739 0.25739 0.25739 0.30052 0.30052 0.30052 0.30052 0.27951 0.27951 0.27951 0.27951 0.19764 0.19764 0.19764 0.19764 0.10308 0.10308 0.10308 0.10308 0.09014 0.09014 0.09014 0.09014 0.02500 0.02500 0.02500 0.02500 0.13463 0.13463 0.13463 0.13463 0.19039 0.19039 0.19039 0.19039 0.16008 0.16008 0.16008 0.16008 0.07906 0.07906 0.07906 0.07906 0.11859 0.11859 0.11859 0.11859 0.16771 0.16771 0.16771 0.16771 0.09520 0.09520 0.09520 0.09520
0.00000 0.00000 0.00000 0.07289 0.07289 0.07289 0.07289 0.16771 0.16771 0.16771 0.16771 0.25739 0.25739 0.25739 0.25739 0.30052 0.30052 0.30052 0.30052 0.27951 0.27951 0.27951 0.27951 0.19764 0.19764 0.19764 0.19764 0.10308 0.10308 0.10308 0.10308 0.09014 0.09014 0.09014 0.09014 0.02500 0.02500 0.02500 0.02500 0.13463 0.13463 0.13463 0.13463 0.19039 0.19039 0.19039 0.19039 0.16008 0.16008 0.16008 0.16008 0.07906 0.07906 0.07906 0.07906 0.11859 0.11859 0.11859 0.11859 0.16771 0.16771 0.16771 0.16771 0.09520 0.09520 0.09520 0.09520
0.23717 0.23717 0.23717 0.38079 0.38079 0.38079 0.38079 0.33958 0.33958 0.33958 0.33958 0.24044 0.24044 0.24044 0.24044 0.14577 0.14577 0.14577 0.14577 0.07289 0.07289 0.07289 0.07289 0.03536 0.03536 0.03536 0.03536 0.08839 0.08839 0.08839 0.08839 0.11859 0.11859 0.11859 0.11859 0.16771 0.16771 0.16771 0.16771 0.21866 0.21866 0.21866 0.21866 0.16677 0.16677 0.16677 0.16677 0.08839 0.08839 0.08839 0.08839 0.12500 0.12500 0.12500 0.12500 0.30104 0.30104 0.30104 0.30104 0.19764 0.19764 0.19764 0.19764 0.09014 0.09014 0.09014 0.09014
0.23717 0.23717 0.23717 0.38079 0.38079 0.38079 0.38079 0.33958 0.33958 0.33958 0.33958 0.24044 0.24044 0.24044 0.24044 0.14577 0.14577 0.14577 0.14577 0.07289 0.07289 0.07289 0.07289 0.03536 0.03536 0.03536 0.03536 0.08839 0.08839 0.08839 0.08839 0.11859 0.11859 0.11859 0.11859 0.16771 0.16771 0.16771 0.16771 0.21866 0.21866 0.21866 0.21866 0.16677 0.16677 0.16677 0.16677 0.08839 0.08839 0.08839 0.08839 0.12500 0.12500 0.12500 0.12500 0.30104 0.30104 0.30104 0.30104 0.19764 0.19764 0.19764 0.19764 0.09014 0.09014 0.09014 0.09014
0.23717 0.23717 0.23717 0.38079 0.38079 0.38079 0.38079 0.33958 0.33958 0.33958 0.33958 0.24044 0.24044 0.24044 0.24044 0.14577 0.14577 0.14577 0.14577 0.07289 0.07289 0.07289 0.07289 0.03536 0.03536 0.03536 0.03536 0.08839 0.08839 0.08839 0.08839 0.11859 0.11859 0.11859 0.11859 0.16771 0.16771 0.16771 0.16771 0.21866 0.21866 0.21866 0.21866 0.16677 0.16677 0.16677 0.16677 0.08839 0.08839 0.08839 0.08839 0.12500 0.12500 0.12500 0.12500 0.30104 0.30104 0.30104 0.30104 0.19764 0.19764 0.19764 0.19764 0.09014 0.09014 0.09014 0.09014
0.23717 0.23717 0.23717 0.38079 0.38079 0.38079 0.38079 0.33958 0.33958 0.33958 0.33958 0.24044 0.24044 0.24044 0.24044 0.14577 0.14577 0.14577 0.14577 0.07289 0.07289 0.07289 0.07289 0.03536 0.03536 0.03536 0.03536 0.08839 0.08839 0.08839 0.08839 0.11859 0.11859 0.11859 0.11859 0.16771 0.16771 0.16771 0.16771 0.21866 0.21866 0.21866 0.21866 0.16677 0.16677 0.16677 0.16677 0.08839 0.08839 0.08839 0.08839 0.12500 0.12500 0.12500 0.12500 0.30104 0.30104 0.30104 0.30104 0.19764 0.19764 0.19764 0.19764 0.09014 0.09014 0.09014 0.09014
0.31623 0.31623 0.31623 0.30259 0.30259 0.30259 0.30259 0.21578 0.21578 0.21578 0.21578 0.11859 0.11859 0.11859 0.11859 0.05590 0.05590 0.05590 0.05590 0.02500 0.02500 0.02500 0.02500 0.10607 0.10607 0.10607 0.10607 0.15811 0.15811 0.15811 0.15811 0.18792 0.18792 0.18792 0.18792 0.17410 0.17410 0.17410 0.17410 0.10607 0.10607 0.10607 0.10607 0.02500 0.02500 0.02500 0.02500 0.03953 0.03953 0.03953 0.03953 0.21866 0.21866 0.21866 0.21866 0.25739 0.25739 0.25739 0.25739 0.07500 0.07500 0.07500 0.07500 0.09014 0.09014 0.09014 0.09014
0.31623 0.31623 0.31623 0.30259 0.30259 0.30259 0.30259 0.21578 0.21578 0.21578 0.21578 0.11859 0.11859 0.11859 0.11859 0.05590 0.05590 0.05590 0.05590 0.02500 0.02500 0.02500 0.02500 0.10607 0.10607 0.10607 0.10607 0.15811 0.15811 0.15811 0.15811 0.18792 0.18792 0.18792 0.18792 0.17410 0.17410 0.17410 0.17410 0.10607 0.10607 0.10607 0.10607 0.02500 0.02500 0.02500 0.02500 0.03953 0.03953 0.03953 0.03953 0.21866 0.21866 0.21866 0.21866 0.25739 0.25739 0.25739 0.25739 0.07500 0.07500 0.07500 0.07500 0.09014 0.09014 0.09014 0.09014
0.31623 0.31623 0.31623 0.30259 0.30259 0.30259 0.30259 0.21578 0.21578 0.21578 0.21578 0.11859 0.11859 0.11859 0.11859 0.05590 0.05590 0.05590 0.05590 0.02500 0.02500 0.02500 0.02500 0.10607 0.10607 0.10607 0.10607 0.15811 0.15811 0.15811 0.15811 0.18792 0.18792 0.18792 0.18792 0.17410 0.17410 0.17410 0.17410 0.10607 0.10607 0.10607 0.10607 0.02500 0.02500 0.02500 0.02500 0.03953 0.03953 0.03953 0.03953 0.21866 0.21866 0.21866 0.21866 0.25739 0.25739 0.25739 0.25739 0.07500 0.07500 0.07500 0.07500 0.09014 0.09014 0.09014 0.09014
0.31623 0.31623 0.31623 0.30259 0.30259 0.30259 0.30259 0.21578 0.21578 0.21578 0.21578 0.11859 0.11859 0.11859 0.11859 0.05590 0.05590 0.05590 0.05590 0.02500 0.02500 0.02500 0.02500 0.10607 0.10607 0.10607 0.10607 0.15811 0.15811 0.15811 0.15811 0.18792 0.18792 0.18792 0.18792 0.17410 0.17410 0.17410 0.17410 0.10607 0.10607 0.10607 0.10607 0.02500 0.02500 0.02500 0.02500 0.03953 0.03953 0.03953 0.03953 0.21866 0.21866 0.21866 0.21866 0.25739 0.25739 0.25739 0.25739 0.07500 0.07500 0.07500 0.07500 0.09014 0.09014 0.09014 0.09014
0.23049 0.23049 0.23049 0.11180 0.11180 0.11180 0.11180 0.05590 0.05590 0.05590 0.05590 0.15811 0.15811 0.15811 0.15811 0.09520 0.09520 0.09520 0.09520 0.21506 0.21506 0.21506 0.21506 0.34731 0.34731 0.34731 0.34731 0.32882 0.32882 0.32882 0.32882 0.30000 0.30000 0.30000 0.30000 0.28777 0.28777 0.28777 0.28777 0.22638 0.22638 0.22638 0.22638 0.17500 0.17500 0.17500 0.17500 0.21578 0.21578 0.21578 0.21578 0.26517 0.26517 0.26517 0.26517 0.09520 0.09520 0.09520 0.09520 0.12748 0.12748 0.12748 0.12748 0.03536 0.03536 0.03536 0.03536
0.23049 0.23049 0.23049 0.11180 0.11180 0.11180 0.11180 0.05590 0.05590 0.05590 0.05590 0.15811 0.15811 0.15811 0.15811 0.09520 0.09520 0.09520 0.09520 0.21506 0.21506 0.21506 0.21506 0.34731 0.34731 0.34731 0.34731 0.32882 0.32882 0.32882 0.32882 0.30000 0.30000 0.30000 0.30000 0.28777 0.28777 0.28777 0.28777 0.22638 0.22638 0.22638 0.22638 0.17500 0.17500 0.17500 0.17500 0.21578 0.21578 0.21578 0.21578 0.26517 0.26517 0.26517 0.26517 0.09520 0.09520 0.09520 0.09520 0.12748 0.12748 0.12748 0.12748 0.03536 0.03536 0.03536 0.03536
0.23049 0.23049 0.23049 0.11180 0.11180 0.11180 0.11180 0.05590 0.05590 0.05590 0.05590 0.15811 0.15811 0.15811 0.15811 0.09520 0.09520 0.09520 0.09520 0.21506 0.21506 0.21506 0.21506 0.34731 0.34731 0.34731 0.34731 0.32882 0.32882 0.32882 0.32882 0.30000 0.30000 0.30000 0.30000 0.28777 0.28777 0.28777 0.28777 0.22638 0.22638 0.22638 0.22638 0.17500 0.17500 0.17500 0.17500 0.21578 0.21578 0.21578 0.21578 0.26517 0.26517 0.26517 0.26517 0.09520 0.09520 0.09520 0.09520 0.12748 0.12748 0.12748 0.12748 0.03536 0.03536 0.03536 0.03536
0.23049 0.23049 0.23049 0.11180 0.11180 0.11180 0.11180 0.05590 0.05590 0.05590 0.05590 0.15811 0.15811 0.15811 0.15811 0.09520 0.09520 0.09520 0.09520 0.21506 0.21506 0.21506 0.21506 0.34731 0.34731 0.34731 0.34731 0.32882 0.32882 0.32882 0.32882 0.30000 0.30000 0.30000 0.30000 0.28777 0.28777 0.28777 0.28777 0.22638 0.22638 0.22638 0.22638 0.17500 0.17500 0.17500 0.17500 0.21578 0.21578 0.21578 0.21578 0.26517 0.26517 0.26517 0.26517 0.09520 0.09520 0.09520 0.09520 0.12748 0.12748 0.12748 0.12748 0.03536 0.03536 0.03536 0.03536
0.18456 0.18456 0.18456 0.24622 0.24622 0.24622 0.24622 0.38243 0.38243 0.38243 0.38243 0.34004 0.34004 0.34004 0.34004 0.31474 0.31474 0.31474 0.31474 0.37458 0.37458 0.37458 0.37458 0.25311 0.25311 0.25311 0.25311 0.11319 0.11319 0.11319 0.11319 0.10000 0.10000 0.10000 0.10000 0.10000 0.10000 0.10000 0.10000 0.12870 0.12870 0.12870 0.12870 0.12500 0.12500 0.12500 0.12500 0.12870 0.12870 0.12870 0.12870 0.07289 0.07289 0.07289 0.07289 0.03953 0.03953 0.03953 0.03953 0.05000 0.05000 0.05000 0.05000 0.22150 0.22150 0.22150 0.22150
