Example_case_study_data/Madrid/slope_madrid_250.asc
ncols        605
nrows        655
xllcorner    3075750.000000000000
yllcorner    1961750.000000000000
cellsize     250.000000000000
NODATA_value    -9999
[rows 580 to 608 of 655, columns 536 to 602 of 605]
0.15811 0.15811 0.15811 0.15811 0.10000 0.10000 0.10000 0.10000 0.09014 0.09014 0.09014 0.09014 0.19121 0.19121 0.19121 0.19121 0.30208 0.30208 0.30208 0.30208 0.27951 0.27951 0.27951 0.27951 0.14577 0.14577 0.14577 0.14577 0.08839 0.08839 0.08839 0.08839 0.38079 0.38079 0.38079 0.38079 0.54572 0.54572 0.54572 0.54572 0.33541 0.33541 0.33541 0.33541 0.24044 0.24044 0.24044 0.24044 0.03953 0.03953 0.03953 0.03953 0.13463 0.13463 0.13463 0.13463 0.11859 0.11859 0.11859 0.11859 0.03953 0.03953 0.03953 0.03953 0.15104 0.15104 0.15104
0.15811 0.15811 0.15811 0.15811 0.10000 0.10000 0.10000 0.10000 0.09014 0.09014 0.09014 0.09014 0.19121 0.19121 0.19121 0.19121 0.30208 0.30208 0.30208 0.30208 0.27951 0.27951 0.27951 0.27951 0.14577 0.14577 0.14577 0.14577 0.08839 0.08839 0.08839 0.08839 0.38079 0.38079 0.38079 0.38079 0.54572 0.54572 0.54572 0.54572 0.33541 0.33541 0.33541 0.33541 0.24044 0.24044 0.24044 0.24044 0.03953 0.03953 0.03953 0.03953 0.13463 0.13463 0.13463 0.13463 0.11859 0.11859 0.11859 0.11859 0.03953 0.03953 0.03953 0.03953 0.15104 0.15104 0.15104
0.15811 0.15811 0.15811 0.15811 0.10000 0.10000 0.10000 0.10000 0.09014 0.09014 0.09014 0.09014 0.19121 0.19121 0.19121 0.19121 0.30208 0.30208 0.30208 0.30208 0.27951 0.27951 0.27951 0.27951 0.14577 0.14577 0.14577 0.14577 0.08839 0.08839 0.08839 0.08839 0.38079 0.38079 0.38079 0.38079 0.54572 0.54572 0.54572 0.54572 0.33541 0.33541 0.33541 0.33541 0.24044 0.24044 0.24044 0.24044 0.03953 0.03953 0.03953 0.03953 0.13463 0.13463 0.13463 0.13463 0.11859 0.11859 0.11859 0.11859 0.03953 0.03953 0.03953 0.03953 0.15104 0.15104 0.15104
0.15811 0.15811 0.15811 0.15811 0.10000 0.10000 0.10000 0.10000 0.09014 0.09014 0.09014 0.09014 0.19121 0.19121 0.19121 0.19121 0.30208 0.30208 0.30208 0.30208 0.27951 0.27951 0.27951 0.27951 0.14577 0.14577 0.14577 0.14577 0.08839 0.08839 0.08839 0.08839 0.38079 0.38079 0.38079 0.38079 0.54572 0.54572 0.54572 0.54572 0.33541 0.33541 0.33541 0.33541 0.24044 0.24044 0.24044 0.24044 0.03953 0.03953 0.03953 0.03953 0.13463 0.13463 0.13463 0.13463 0.11859 0.11859 0.11859 0.11859 0.03953 0.03953 0.03953 0.03953 0.15104 0.15104 0.15104
0.43012 0.43012 0.43012 0.43012 0.25495 0.25495 0.25495 0.25495 0.27042 0.27042 0.27042 0.27042 0.32500 0.32500 0.32500 0.32500 0.27670 0.27670 0.27670 0.27670 0.11319 0.11319 0.11319 0.11319 0.05590 0.05590 0.05590 0.05590 0.02500 0.02500 0.02500 0.02500 0.40000 0.40000 0.40000 0.40000 0.46402 0.46402 0.46402 0.46402 0.33773 0.33773 0.33773 0.33773 0.13807 0.13807 0.13807 0.13807 0.00000 0.00000 0.00000 0.00000 0.18200 0.18200 0.18200 0.18200 0.08839 0.08839 0.08839 0.08839 0.05590 0.05590 0.05590 0.05590 0.26517 0.26517 0.26517
0.43012 0.43012 0.43012 0.43012 0.25495 0.25495 0.25495 0.25495 0.27042 0.27042 0.27042 0.27042 0.32500 0.32500 0.32500 0.32500 0.27670 0.27670 0.27670 0.27670 0.11319 0.11319 0.11319 0.11319 0.05590 0.05590 0.05590 0.05590 0.02500 0.02500 0.02500 0.02500 0.40000 0.40000 0.40000 0.40000 0.46402 0.46402 0.46402 0.46402 0.33773 0.33773 0.33773 0.33773 0.13807 0.13807 0.13807 0.13807 0.00000 0.00000 0.00000 0.00000 0.18200 0.18200 0.18200 0.18200 0.08839 0.08839 0.08839 0.08839 0.05590 0.05590 0.05590 0.05590 0.26517 0.26517 0.26517
0.43012 0.43012 0.43012 0.43012 0.25495 0.25495 0.25495 0.25495 0.27042 0.27042 0.27042 0.27042 0.32500 0.32500 0.32500 0.32500 0.27670 0.27670 0.27670 0.27670 0.11319 0.11319 0.11319 0.11319 0.05590 0.05590 0.05590 0.05590 0.02500 0.02500 0.02500 0.02500 0.40000 0.40000 0.40000 0.40000 0.46402 0.46402 0.46402 0.46402 0.33773 0.33773 0.33773 0.33773 0.13807 0.13807 0.13807 0.13807 0.00000 0.00000 0.00000 0.00000 0.18200 0.18200 0.18200 0.18200 0.08839 0.08839 0.08839 0.08839 0.05590 0.05590 0.05590 0.05590 0.26517 0.26517 0.26517
0.43012 0.43012 0.43012 0.43012 0.25495 0.25495 0.25495 0.25495 0.27042 0.27042 0.27042 0.27042 0.32500 0.32500 0.32500 0.32500 0.27670 0.27670 0.27670 0.27670 0.11319 0.11319 0.11319 0.11319 0.05590 0.05590 0.05590 0.05590 0.02500 0.02500 0.02500 0.02500 0.40000 0.40000 0.40000 0.40000 0.46402 0.46402 0.46402 0.46402 0.33773 0.33773 0.33773 0.33773 0.13807 0.13807 0.13807 0.13807 0.00000 0.00000 0.00000 0.00000 0.18200 0.18200 0.18200 0.18200 0.08839 0.08839 0.08839 0.08839 0.05590 0.05590 0.05590 0.05590 0.26517 0.26517 0.26517
0.20691 0.20691 0.20691 0.20691 0.18792 0.18792 0.18792 0.18792 0.22981 0.22981 0.22981 0.22981 0.24812 0.24812 0.24812 0.24812 0.24559 0.24559 0.24559 0.24559 0.27951 0.27951 0.27951 0.27951 0.23049 0.23049 0.23049 0.23049 0.09014 0.09014 0.09014 0.09014 0.26517 0.26517 0.26517 0.26517 0.44194 0.44194 0.44194 0.44194 0.53062 0.53062 0.53062 0.53062 0.11319 0.11319 0.11319 0.11319 0.12500 0.12500 0.12500 0.12500 0.21506 0.21506 0.21506 0.21506 0.07906 0.07906 0.07906 0.07906 0.05590 0.05590 0.05590 0.05590 0.31869 0.31869 0.31869
0.20691 0.20691 0.20691 0.20691 0.18792 0.18792 0.18792 0.18792 0.22981 0.22981 0.22981 0.22981 0.24812 0.24812 0.24812 0.24812 0.24559 0.24559 0.24559 0.24559 0.27951 0.27951 0.27951 0.27951 0.23049 0.23049 0.23049 0.23049 0.09014 0.09014 0.09014 0.09014 0.26517 0.26517 0.26517 0.26517 0.44194 0.44194 0.44194 0.44194 0.53062 0.53062 0.53062 0.53062 0.11319 0.11319 0.11319 0.11319 0.12500 0.12500 0.12500 0.12500 0.21506 0.21506 0.21506 0.21506 0.07906 0.07906 0.07906 0.07906 0.05590 0.05590 0.05590 0.05590 0.31869 0.31869 0.31869
0.20691 0.20691 0.20691 0.20691 0.18792 0.18792 0.18792 0.18792 0.22981 0.22981 0.22981 0.22981 0.24812 0.24812 0.24812 0.24812 0.24559 0.24559 0.24559 0.24559 0.27951 0.27951 0.27951 0.27951 0.23049 0.23049 0.23049 0.23049 0.09014 0.09014 0.09014 0.09014 0.26517 0.26517 0.26517 0.26517 0.44194 0.44194 0.44194 0.44194 0.53062 0.53062 0.53062 0.53062 0.11319 0.11319 0.11319 0.11319 0.12500 0.12500 0.12500 0.12500 0.21506 0.21506 0.21506 0.21506 0.07906 0.07906 0.07906 0.07906 0.05590 0.05590 0.05590 0.05590 0.31869 0.31869 0.31869
0.20691 0.20691 0.20691 0.20691 0.18792 0.18792 0.18792 0.18792 0.22981 0.22981 0.22981 0.22981 0.24812 0.24812 0.24812 0.24812 0.24559 0.24559 0.24559 0.24559 0.27951 0.27951 0.27951 0.27951 0.23049 0.23049 0.23049 0.23049 0.09014 0.09014 0.09014 0.09014 0.26517 0.26517 0.26517 0.26517 0.44194 0.44194 0.44194 0.44194 0.53062 0.53062 0.53062 0.53062 0.11319 0.11319 0.11319 0.11319 0.12500 0.12500 0.12500 0.12500 0.21506 0.21506 0.21506 0.21506 0.07906 0.07906 0.07906 0.07906 0.05590 0.05590 0.05590 0.05590 0.31869 0.31869 0.31869
0.05590 0.05590 0.05590 0.05590 0.12500 0.12500 0.12500 0.12500 0.06374 0.06374 0.06374 0.06374 0.27500 0.27500 0.27500 0.27500 0.37291 0.37291 0.37291 0.37291 0.42019 0.42019 0.42019 0.42019 0.39883 0.39883 0.39883 0.39883 0.48251 0.48251 0.48251 0.48251 0.53968 0.53968 0.53968 0.53968 0.44194 0.44194 0.44194 0.44194 0.50031 0.50031 0.50031 0.50031 0.13463 0.13463 0.13463 0.13463 0.17678 0.17678 0.17678 0.17678 0.18792 0.18792 0.18792 0.18792 0.07906 0.07906 0.07906 0.07906 0.14252 0.14252 0.14252 0.14252 0.40311 0.40311 0.40311
0.05590 0.05590 0.05590 0.05590 0.12500 0.12500 0.12500 0.12500 0.06374 0.06374 0.06374 0.06374 0.27500 0.27500 0.27500 0.27500 0.37291 0.37291 0.37291 0.37291 0.42019 0.42019 0.42019 0.42019 0.39883 0.39883 0.39883 0.39883 0.48251 0.48251 0.48251 0.48251 0.53968 0.53968 0.53968 0.53968 0.44194 0.44194 0.44194 0.44194 0.50031 0.50031 0.50031 0.50031 0.13463 0.13463 0.13463 0.13463 0.17678 0.17678 0.17678 0.17678 0.18792 0.18792 0.18792 0.18792 0.07906 0.07906 0.07906 0.07906 0.14252 0.14252 0.14252 0.14252 0.40311 0.40311 0.40311
0.05590 0.05590 0.05590 0.05590 0.12500 0.12500 0.12500 0.12500 0.06374 0.06374 0.06374 0.06374 0.27500 0.27500 0.27500 0.27500 0.37291 0.37291 0.37291 0.37291 0.42019 0.42019 0.42019 0.42019 0.39883 0.39883 0.39883 0.39883 0.48251 0.48251 0.48251 0.48251 0.53968 0.53968 0.53968 0.53968 0.44194 0.44194 0.44194 0.44194 0.50031 0.50031 0.50031 0.50031 0.13463 0.13463 0.13463 0.13463 0.17678 0.17678 0.17678 0.17678 0.18792 0.18792 0.18792 0.18792 0.07906 0.07906 0.07906 0.07906 0.14252 0.14252 0.14252 0.14252 0.40311 0.40311 0.40311
0.05590 0.05590 0.05590 0.05590 0.12500 0.12500 0.12500 0.12500 0.06374 0.06374 0.06374 0.06374 0.27500 0.27500 0.27500 0.27500 0.37291 0.37291 0.37291 0.37291 0.42019 0.42019 0.42019 0.42019 0.39883 0.39883 0.39883 0.39883 0.48251 0.48251 0.48251 0.48251 0.53968 0.53968 0.53968 0.53968 0.44194 0.44194 0.44194 0.44194 0.50031 0.50031 0.50031 0.50031 0.13463 0.13463 0.13463 0.13463 0.17678 0.17678 0.17678 0.17678 0.18792 0.18792 0.18792 0.18792 0.07906 0.07906 0.07906 0.07906 0.14252 0.14252 0.14252 0.14252 0.40311 0.40311 0.40311
0.12500 0.12500 0.12500 0.12500 0.24812 0.24812 0.24812 0.24812 0.24559 0.24559 0.24559 0.24559 0.30259 0.30259 0.30259 0.30259 0.42793 0.42793 0.42793 0.42793 0.21360 0.21360 0.21360 0.21360 0.31275 0.31275 0.31275 0.31275 0.57581 0.57581 0.57581 0.57581 0.54458 0.54458 0.54458 0.54458 0.50559 0.50559 0.50559 0.50559 0.30208 0.30208 0.30208 0.30208 0.09520 0.09520 0.09520 0.09520 0.21287 0.21287 0.21287 0.21287 0.18792 0.18792 0.18792 0.18792 0.05303 0.05303 0.05303 0.05303 0.20691 0.20691 0.20691 0.20691 0.39726 0.39726 0.39726
0.12500 0.12500 0.12500 0.12500 0.24812 0.24812 0.24812 0.24812 0.24559 0.24559 0.24559 0.24559 0.30259 0.30259 0.30259 0.30259 0.42793 0.42793 0.42793 0.42793 0.21360 0.21360 0.21360 0.21360 0.31275 0.31275 0.31275 0.31275 0.57581 0.57581 0.57581 0.57581 0.54458 0.54458 0.54458 0.54458 0.50559 0.50559 0.50559 0.50559 0.30208 0.30208 0.30208 0.30208 0.09520 0.09520 0.09520 0.09520 0.21287 0.21287 0.21287 0.21287 0.18792 0.18792 0.18792 0.18792 0.05303 0.05303 0.05303 0.05303 0.20691 0.20691 0.20691 0.20691 0.39726 0.39726 0.39726
0.12500 0.12500 0.12500 0.12500 0.24812 0.24812 0.24812 0.24812 0.24559 0.24559 0.24559 0.24559 0.30259 0.30259 0.30259 0.30259 0.42793 0.42793 0.42793 0.42793 0.21360 0.21360 0.21360 0.21360 0.31275 0.31275 0.31275 0.31275 0.57581 0.57581 0.57581 0.57581 0.54458 0.54458 0.54458 0.54458 0.50559 0.50559 0.50559 0.50559 0.30208 0.30208 0.30208 0.30208 0.09520 0.09520 0.09520 0.09520 0.21287 0.21287 0.21287 0.21287 0.18792 0.18792 0.18792 0.18792 0.05303 0.05303 0.05303 0.05303 0.20691 0.20691 0.20691 0.20691 0.39726 0.39726 0.39726
0.12500 0.12500 0.12500 0.12500 0.24812 0.24812 0.24812 0.24812 0.24559 0.24559 0.24559 0.24559 0.30259 0.30259 0.30259 0.30259 0.42793 0.42793 0.42793 0.42793 0.21360 0.21360 0.21360 0.21360 0.31275 0.31275 0.31275 0.31275 0.57581 0.57581 0.57581 0.57581 0.54458 0.54458 0.54458 0.54458 0.50559 0.50559 0.50559 0.50559 0.30208 0.30208 0.30208 0.30208 0.09520 0.09520 0.09520 0.09520 0.21287 0.21287 0.21287 0.21287 0.18792 0.18792 0.18792 0.18792 0.05303 0.05303 0.05303 0.05303 0.20691 0.20691 0.20691 0.20691 0.39726 0.39726 0.39726
0.14252 0.14252 0.14252 0.14252 0.20691 0.20691 0.20691 0.20691 0.11319 0.11319 0.11319 0.11319 0.18456 0.18456 0.18456 0.18456 0.38243 0.38243 0.38243 0.38243 0.05000 0.05000 0.05000 0.05000 0.24812 0.24812 0.24812 0.24812 0.29155 0.29155 0.29155 0.29155 0.09014 0.09014 0.09014 0.09014 0.12374 0.12374 0.12374 0.12374 0.21287 0.21287 0.21287 0.21287 0.21578 0.21578 0.21578 0.21578 0.17410 0.17410 0.17410 0.17410 0.16298 0.16298 0.16298 0.16298 0.09014 0.09014 0.09014 0.09014 0.32259 0.32259 0.32259 0.32259 0.34731 0.34731 0.34731
0.14252 0.14252 0.14252 0.14252 0.20691 0.20691 0.20691 0.20691 0.11319 0.11319 0.11319 0.11319 0.18456 0.18456 0.18456 0.18456 0.38243 0.38243 0.38243 0.38243 0.05000 0.05000 0.05000 0.05000 0.24812 0.24812 0.24812 0.24812 0.29155 0.29155 0.29155 0.29155 0.09014 0.09014 0.09014 0.09014 0.12374 0.12374 0.12374 0.12374 0.21287 0.21287 0.21287 0.21287 0.21578 0.21578 0.21578 0.21578 0.17410 0.17410 0.17410 0.17410 0.16298 0.16298 0.16298 0.16298 0.09014 0.09014 0.09014 0.09014 0.32259 0.32259 0.32259 0.32259 0.34731 0.34731 0.34731
0.14252 0.14252 0.14252 0.14252 0.20691 0.20691 0.20691 0.20691 0.11319 0.11319 0.11319 0.11319 0.18456 0.18456 0.18456 0.18456 0.38243 0.38243 0.38243 0.38243 0.05000 0.05000 0.05000 0.05000 0.24812 0.24812 0.24812 0.24812 0.29155 0.29155 0.29155 0.29155 0.09014 0.09014 0.09014 0.09014 0.12374 0.12374 0.12374 0.12374 0.21287 0.21287 0.21287 0.21287 0.21578 0.21578 0.21578 0.21578 0.17410 0.17410 0.17410 0.17410 0.16298 0.16298 0.16298 0.16298 0.09014 0.09014 0.09014 0.09014 0.32259 0.32259 0.32259 0.32259 0.34731 0.34731 0.34731
0.14252 0.14252 0.14252 0.14252 0.20691 0.20691 0.20691 0.20691 0.11319 0.11319 0.11319 0.11319 0.18456 0.18456 0.18456 0.18456 0.38243 0.38243 0.38243 0.38243 0.05000 0.05000 0.05000 0.05000 0.24812 0.24812 0.24812 0.24812 0.29155 0.29155 0.29155 0.29155 0.09014 0.09014 0.09014 0.09014 0.12374 0.12374 0.12374 0.12374 0.21287 0.21287 0.21287 0.21287 0.21578 0.21578 0.21578 0.21578 0.17410 0.17410 0.17410 0.17410 0.16298 0.16298 0.16298 0.16298 0.09014 0.09014 0.09014 0.09014 0.32259 0.32259 0.32259 0.32259 0.34731 0.34731 0.34731
0.05303 0.05303 0.05303 0.05303 0.21360 0.21360 0.21360 0.21360 0.26280 0.26280 0.26280 0.26280 0.30104 0.30104 0.30104 0.30104 0.39726 0.39726 0.39726 0.39726 0.22361 0.22361 0.22361 0.22361 0.28284 0.28284 0.28284 0.28284 0.28559 0.28559 0.28559 0.28559 0.11859 0.11859 0.11859 0.11859 0.19445 0.19445 0.19445 0.19445 0.09520 0.09520 0.09520 0.09520 0.16298 0.16298 0.16298 0.16298 0.10753 0.10753 0.10753 0.10753 0.19526 0.19526 0.19526 0.19526 0.25125 0.25125 0.25125 0.25125 0.44335 0.44335 0.44335 0.44335 0.31869 0.31869 0.31869
0.05303 0.05303 0.05303 0.05303 0.21360 0.21360 0.21360 0.21360 0.26280 0.26280 0.26280 0.26280 0.30104 0.30104 0.30104 0.30104 0.39726 0.39726 0.39726 0.39726 0.22361 0.22361 0.22361 0.22361 0.28284 0.28284 0.28284 0.28284 0.28559 0.28559 0.28559 0.28559 0.11859 0.11859 0.11859 0.11859 0.19445 0.19445 0.19445 0.19445 0.09520 0.09520 0.09520 0.09520 0.16298 0.16298 0.16298 0.16298 0.10753 0.10753 0.10753 0.10753 0.19526 0.19526 0.19526 0.19526 0.25125 0.25125 0.25125 0.25125 0.44335 0.44335 0.44335 0.44335 0.31869 0.31869 0.31869
0.05303 0.05303 0.05303 0.05303 0.21360 0.21360 0.21360 0.21360 0.26280 0.26280 0.26280 0.26280 0.30104 0.30104 0.30104 0.30104 0.39726 0.39726 0.39726 0.39726 0.22361 0.22361 0.22361 0.22361 0.28284 0.28284 0.28284 0.28284 0.28559 0.28559 0.28559 0.28559 0.11859 0.11859 0.11859 0.11859 0.19445 0.19445 0.19445 0.19445 0.09520 0.09520 0.09520 0.09520 0.16298 0.16298 0.16298 0.16298 0.10753 0.10753 0.10753 0.10753 0.19526 0.19526 0.19526 0.19526 0.25125 0.25125 0.25125 0.25125 0.44335 0.44335 0.44335 0.44335 0.31869 0.31869 0.31869
0.05303 0.05303 0.05303 0.05303 0.21360 0.21360 0.21360 0.21360 0.26280 0.26280 0.26280 0.26280 0.30104 0.30104 0.30104 0.30104 0.39726 0.39726 0.39726 0.39726 0.22361 0.22361 0.22361 0.22361 0.28284 0.28284 0.28284 0.28284 0.28559 0.28559 0.28559 0.28559 0.11859 0.11859 0.11859 0.11859 0.19445 0.19445 0.19445 0.19445 0.09520 0.09520 0.09520 0.09520 0.16298 0.16298 0.16298 0.16298 0.10753 0.10753 0.10753 0.10753 0.19526 0.19526 0.19526 0.19526 0.25125 0.25125 0.25125 0.25125 0.44335 0.44335 0.44335 0.44335 0.31869 0.31869 0.31869
0.27951 0.27951 0.27951 0.27951 0.21360 0.21360 0.21360 0.21360 0.08839 0.08839 0.08839 0.08839 0.20156 0.20156 0.20156 0.20156 0.31869 0.31869 0.31869 0.31869 0.45000 0.45000 0.45000 0.45000 0.53765 0.53765 0.53765 0.53765 0.52231 0.52231 0.52231 0.52231 0.21287 0.21287 0.21287 0.21287 0.10753 0.10753 0.10753 0.10753 0.20691 0.20691 0.20691 0.20691 0.23251 0.23251 0.23251 0.23251 0.11180 0.11180 0.11180 0.11180 0.13807 0.13807 0.13807 0.13807 0.35000 0.35000 0.35000 0.35000 0.48766 0.48766 0.48766 0.48766 0.20156 0.20156 0.20156
