Example_case_study_data/Madrid/slope_madrid_250.asc
ncols        605
nrows        655
xllcorner    3075750.000000000000
yllcorner    1961750.000000000000
cellsize     250.000000000000
NODATA_value    -9999
[rows 290 to 318 of 655, columns 67 to 133 of 605]
0.27951 0.18028 0.18028 0.18028 0.18028 0.15104 0.15104 0.15104 0.15104 0.28339 0.28339 0.28339 0.28339 0.26926 0.26926 0.26926 0.26926 0.16677 0.16677 0.16677 0.16677 0.58843 0.58843 0.58843 0.58843 0.67198 0.67198 0.67198 0.67198 0.45962 0.45962 0.45962 0.45962 0.08839 0.08839 0.08839 0.08839 0.26101 0.26101 0.26101 0.26101 0.18028 0.18028 0.18028 0.18028 0.07289 0.07289 0.07289 0.07289 0.26575 0.26575 0.26575 0.26575 0.27670 0.27670 0.27670 0.27670 0.11859 0.11859 0.11859 0.11859 0.02500 0.02500 0.02500 0.02500 0.14577 0.14577
0.27951 0.18028 0.18028 0.18028 0.18028 0.15104 0.15104 0.15104 0.15104 0.28339 0.28339 0.28339 0.28339 0.26926 0.26926 0.26926 0.26926 0.16677 0.16677 0.16677 0.16677 0.58843 0.58843 0.58843 0.58843 0.67198 0.67198 0.67198 0.67198 0.45962 0.45962 0.45962 0.45962 0.08839 0.08839 0.08839 0.08839 0.26101 0.26101 0.26101 0.26101 0.18028 0.18028 0.18028 0.18028 0.07289 0.07289 0.07289 0.07289 0.26575 0.26575 0.26575 0.26575 0.27670 0.27670 0.27670 0.27670 0.11859 0.11859 0.11859 0.11859 0.02500 0.02500 0.02500 0.02500 0.14577 0.14577
0.36272 0.31275 0.31275 0.31275 0.31275 0.23717 0.23717 0.23717 0.23717 0.28339 0.28339 0.28339 0.28339 0.10753 0.10753 0.10753 0.10753 0.20000 0.20000 0.20000 0.20000 0.56596 0.56596 0.56596 0.56596 0.75166 0.75166 0.75166 0.75166 0.36443 0.36443 0.36443 0.36443 0.02500 0.02500 0.02500 0.02500 0.15000 0.15000 0.15000 0.15000 0.11319 0.11319 0.11319 0.11319 0.23585 0.23585 0.23585 0.23585 0.40000 0.40000 0.40000 0.40000 0.28339 0.28339 0.28339 0.28339 0.47566 0.47566 0.47566 0.47566 0.57500 0.57500 0.57500 0.57500 0.47599 0.47599
0.36272 0.31275 0.31275 0.31275 0.31275 0.23717 0.23717 0.23717 0.23717 0.28339 0.28339 0.28339 0.28339 0.10753 0.10753 0.10753 0.10753 0.20000 0.20000 0.20000 0.20000 0.56596 0.56596 0.56596 0.56596 0.75166 0.75166 0.75166 0.75166 0.36443 0.36443 0.36443 0.36443 0.02500 0.02500 0.02500 0.02500 0.15000 0.15000 0.15000 0.15000 0.11319 0.11319 0.11319 0.11319 0.23585 0.23585 0.23585 0.23585 0.40000 0.40000 0.40000 0.40000 0.28339 0.28339 0.28339 0.28339 0.47566 0.47566 0.47566 0.47566 0.57500 0.57500 0.57500 0.57500 0.47599 0.47599
0.36272 0.31275 0.31275 0.31275 0.31275 0.23717 0.23717 0.23717 0.23717 0.28339 0.28339 0.28339 0.28339 0.10753 0.10753 0.10753 0.10753 0.20000 0.20000 0.20000 0.20000 0.56596 0.56596 0.56596 0.56596 0.75166 0.75166 0.75166 0.75166 0.36443 0.36443 0.36443 0.36443 0.02500 0.02500 0.02500 0.02500 0.15000 0.15000 0.15000 0.15000 0.11319 0.11319 0.11319 0.11319 0.23585 0.23585 0.23585 0.23585 0.40000 0.40000 0.40000 0.40000 0.28339 0.28339 0.28339 0.28339 0.47566 0.47566 0.47566 0.47566 0.57500 0.57500 0.57500 0.57500 0.47599 0.47599
0.36272 0.31275 0.31275 0.31275 0.31275 0.23717 0.23717 0.23717 0.23717 0.28339 0.28339 0.28339 0.28339 0.10753 0.10753 0.10753 0.10753 0.20000 0.20000 0.20000 0.20000 0.56596 0.56596 0.56596 0.56596 0.75166 0.75166 0.75166 0.75166 0.36443 0.36443 0.36443 0.36443 0.02500 0.02500 0.02500 0.02500 0.15000 0.15000 0.15000 0.15000 0.11319 0.11319 0.11319 0.11319 0.23585 0.23585 0.23585 0.23585 0.40000 0.40000 0.40000 0.40000 0.28339 0.28339 0.28339 0.28339 0.47566 0.47566 0.47566 0.47566 0.57500 0.57500 0.57500 0.57500 0.47599 0.47599
0.15207 0.19764 0.19764 0.19764 0.19764 0.22150 0.22150 0.22150 0.22150 0.31869 0.31869 0.31869 0.31869 0.21360 0.21360 0.21360 0.21360 0.28504 0.28504 0.28504 0.28504 0.59398 0.59398 0.59398 0.59398 0.84336 0.84336 0.84336 0.84336 0.34821 0.34821 0.34821 0.34821 0.16298 0.16298 0.16298 0.16298 0.19445 0.19445 0.19445 0.19445 0.21287 0.21287 0.21287 0.21287 0.28284 0.28284 0.28284 0.28284 0.39251 0.39251 0.39251 0.39251 0.40311 0.40311 0.40311 0.40311 0.31869 0.31869 0.31869 0.31869 0.47070 0.47070 0.47070 0.47070 0.60208 0.60208
0.15207 0.19764 0.19764 0.19764 0.19764 0.22150 0.22150 0.22150 0.22150 0.31869 0.31869 0.31869 0.31869 0.21360 0.21360 0.21360 0.21360 0.28504 0.28504 0.28504 0.28504 0.59398 0.59398 0.59398 0.59398 0.84336 0.84336 0.84336 0.84336 0.34821 0.34821 0.34821 0.34821 0.16298 0.16298 0.16298 0.16298 0.19445 0.19445 0.19445 0.19445 0.21287 0.21287 0.21287 0.21287 0.28284 0.28284 0.28284 0.28284 0.39251 0.39251 0.39251 0.39251 0.40311 0.40311 0.40311 0.40311 0.31869 0.31869 0.31869 0.31869 0.47070 0.47070 0.47070 0.47070 0.60208 0.60208
0.15207 0.19764 0.19764 0.19764 0.19764 0.22150 0.22150 0.22150 0.22150 0.31869 0.31869 0.31869 0.31869 0.21360 0.21360 0.21360 0.21360 0.28504 0.28504 0.28504 0.28504 0.59398 0.59398 0.59398 0.59398 0.84336 0.84336 0.84336 0.84336 0.34821 0.34821 0.34821 0.34821 0.16298 0.16298 0.16298 0.16298 0.19445 0.19445 0.19445 0.19445 0.21287 0.21287 0.21287 0.21287 0.28284 0.28284 0.28284 0.28284 0.39251 0.39251 0.39251 0.39251 0.40311 0.40311 0.40311 0.40311 0.31869 0.31869 0.31869 0.31869 0.47070 0.47070 0.47070 0.47070 0.60208 0.60208
0.15207 0.19764 0.19764 0.19764 0.19764 0.22150 0.22150 0.22150 0.22150 0.31869 0.31869 0.31869 0.31869 0.21360 0.21360 0.21360 0.21360 0.28504 0.28504 0.28504 0.28504 0.59398 0.59398 0.59398 0.59398 0.84336 0.84336 0.84336 0.84336 0.34821 0.34821 0.34821 0.34821 0.16298 0.16298 0.16298 0.16298 0.19445 0.19445 0.19445 0.19445 0.21287 0.21287 0.21287 0.21287 0.28284 0.28284 0.28284 0.28284 0.39251 0.39251 0.39251 0.39251 0.40311 0.40311 0.40311 0.40311 0.31869 0.31869 0.31869 0.31869 0.47070 0.47070 0.47070 0.47070 0.60208 0.60208
0.16298 0.12500 0.12500 0.12500 0.12500 0.24749 0.24749 0.24749 0.24749 0.35532 0.35532 0.35532 0.35532 0.29155 0.29155 0.29155 0.29155 0.51539 0.51539 0.51539 0.51539 0.86096 0.86096 0.86096 0.86096 0.79941 0.79941 0.79941 0.79941 0.16008 0.16008 0.16008 0.16008 0.28504 0.28504 0.28504 0.28504 0.23585 0.23585 0.23585 0.23585 0.39883 0.39883 0.39883 0.39883 0.62475 0.62475 0.62475 0.62475 0.63369 0.63369 0.63369 0.63369 0.58443 0.58443 0.58443 0.58443 0.30104 0.30104 0.30104 0.30104 0.17410 0.17410 0.17410 0.17410 0.11180 0.11180
0.16298 0.12500 0.12500 0.12500 0.12500 0.24749 0.24749 0.24749 0.24749 0.35532 0.35532 0.35532 0.35532 0.29155 0.29155 0.29155 0.29155 0.51539 0.51539 0.51539 0.51539 0.86096 0.86096 0.86096 0.86096 0.79941 0.79941 0.79941 0.79941 0.16008 0.16008 0.16008 0.16008 0.28504 0.28504 0.28504 0.28504 0.23585 0.23585 0.23585 0.23585 0.39883 0.39883 0.39883 0.39883 0.62475 0.62475 0.62475 0.62475 0.63369 0.63369 0.63369 0.63369 0.58443 0.58443 0.58443 0.58443 0.30104 0.30104 0.30104 0.30104 0.17410 0.17410 0.17410 0.17410 0.11180 0.11180
0.16298 0.12500 0.12500 0.12500 0.12500 0.24749 0.24749 0.24749 0.24749 0.35532 0.35532 0.35532 0.35532 0.29155 0.29155 0.29155 0.29155 0.51539 0.51539 0.51539 0.51539 0.86096 0.86096 0.86096 0.86096 0.79941 0.79941 0.79941 0.79941 0.16008 0.16008 0.16008 0.16008 0.28504 0.28504 0.28504 0.28504 0.23585 0.23585 0.23585 0.23585 0.39883 0.39883 0.39883 0.39883 0.62475 0.62475 0.62475 0.62475 0.63369 0.63369 0.63369 0.63369 0.58443 0.58443 0.58443 0.58443 0.30104 0.30104 0.30104 0.30104 0.17410 0.17410 0.17410 0.17410 0.11180 0.11180
0.16298 0.12500 0.12500 0.12500 0.12500 0.24749 0.24749 0.24749 0.24749 0.35532 0.35532 0.35532 0.35532 0.29155 0.29155 0.29155 0.29155 0.51539 0.51539 0.51539 0.51539 0.86096 0.86096 0.86096 0.86096 0.79941 0.79941 0.79941 0.79941 0.16008 0.16008 0.16008 0.16008 0.28504 0.28504 0.28504 0.28504 0.23585 0.23585 0.23585 0.23585 0.39883 0.39883 0.39883 0.39883 0.62475 0.62475 0.62475 0.62475 0.63369 0.63369 0.63369 0.63369 0.58443 0.58443 0.58443 0.58443 0.30104 0.30104 0.30104 0.30104 0.17410 0.17410 0.17410 0.17410 0.11180 0.11180
0.20156 0.21213 0.21213 0.21213 0.21213 0.24559 0.24559 0.24559 0.24559 0.24044 0.24044 0.24044 0.24044 0.45069 0.45069 0.45069 0.45069 0.80700 0.80700 0.80700 0.80700 0.75208 0.75208 0.75208 0.75208 0.49149 0.49149 0.49149 0.49149 0.16298 0.16298 0.16298 0.16298 0.45449 0.45449 0.45449 0.45449 0.48251 0.48251 0.48251 0.48251 0.63738 0.63738 0.63738 0.63738 0.57064 0.57064 0.57064 0.57064 0.48251 0.48251 0.48251 0.48251 0.50280 0.50280 0.50280 0.50280 0.43661 0.43661 0.43661 0.43661 0.37832 0.37832 0.37832 0.37832 0.27670 0.27670
0.20156 0.21213 0.21213 0.21213 0.21213 0.24559 0.24559 0.24559 0.24559 0.24044 0.24044 0.24044 0.24044 0.45069 0.45069 0.45069 0.45069 0.80700 0.80700 0.80700 0.80700 0.75208 0.75208 0.75208 0.75208 0.49149 0.49149 0.49149 0.49149 0.16298 0.16298 0.16298 0.16298 0.45449 0.45449 0.45449 0.45449 0.48251 0.48251 0.48251 0.48251 0.63738 0.63738 0.63738 0.63738 0.57064 0.57064 0.57064 0.57064 0.48251 0.48251 0.48251 0.48251 0.50280 0.50280 0.50280 0.50280 0.43661 0.43661 0.43661 0.43661 0.37832 0.37832 0.37832 0.37832 0.27670 0.27670
0.20156 0.21213 0.21213 0.21213 0.21213 0.24559 0.24559 0.24559 0.24559 0.24044 0.24044 0.24044 0.24044 0.45069 0.45069 0.45069 0.45069 0.80700 0.80700 0.80700 0.80700 0.75208 0.75208 0.75208 0.75208 0.49149 0.49149 0.49149 0.49149 0.16298 0.16298 0.16298 0.16298 0.45449 0.45449 0.45449 0.45449 0.48251 0.48251 0.48251 0.48251 0.63738 0.63738 0.63738 0.63738 0.57064 0.57064 0.57064 0.57064 0.48251 0.48251 0.48251 0.48251 0.50280 0.50280 0.50280 0.50280 0.43661 0.43661 0.43661 0.43661 0.37832 0.37832 0.37832 0.37832 0.27670 0.27670
0.20156 0.21213 0.21213 0.21213 0.21213 0.24559 0.24559 0.24559 0.24559 0.24044 0.24044 0.24044 0.24044 0.45069 0.45069 0.45069 0.45069 0.80700 0.80700 0.80700 0.80700 0.75208 0.75208 0.75208 0.75208 0.49149 0.49149 0.49149 0.49149 0.16298 0.16298 0.16298 0.16298 0.45449 0.45449 0.45449 0.45449 0.48251 0.48251 0.48251 0.48251 0.63738 0.63738 0.63738 0.63738 0.57064 0.57064 0.57064 0.57064 0.48251 0.48251 0.48251 0.48251 0.50280 0.50280 0.50280 0.50280 0.43661 0.43661 0.43661 0.43661 0.37832 0.37832 0.37832 0.37832 0.27670 0.27670
0.01768 0.18028 0.18028 0.18028 0.18028 0.09520 0.09520 0.09520 0.09520 0.23585 0.23585 0.23585 0.23585 0.43157 0.43157 0.43157 0.43157 0.80971 0.80971 0.80971 0.80971 0.56596 0.56596 0.56596 0.56596 0.68761 0.68761 0.68761 0.68761 0.65048 0.65048 0.65048 0.65048 0.82006 0.82006 0.82006 0.82006 0.91327 0.91327 0.91327 0.91327 0.87321 0.87321 0.87321 0.87321 0.51992 0.51992 0.51992 0.51992 0.23783 0.23783 0.23783 0.23783 0.24622 0.24622 0.24622 0.24622 0.32259 0.32259 0.32259 0.32259 0.35000 0.35000 0.35000 0.35000 0.27951 0.27951
0.01768 0.18028 0.18028 0.18028 0.18028 0.09520 0.09520 0.09520 0.09520 0.23585 0.23585 0.23585 0.23585 0.43157 0.43157 0.43157 0.43157 0.80971 0.80971 0.80971 0.80971 0.56596 0.56596 0.56596 0.56596 0.68761 0.68761 0.68761 0.68761 0.65048 0.65048 0.65048 0.65048 0.82006 0.82006 0.82006 0.82006 0.91327 0.91327 0.91327 0.91327 0.87321 0.87321 0.87321 0.87321 0.51992 0.51992 0.51992 0.51992 0.23783 0.23783 0.23783 0.23783 0.24622 0.24622 0.24622 0.24622 0.32259 0.32259 0.32259 0.32259 0.35000 0.35000 0.35000 0.35000 0.27951 0.27951
0.01768 0.18028 0.18028 0.18028 0.18028 0.09520 0.09520 0.09520 0.09520 0.23585 0.23585 0.23585 0.23585 0.43157 0.43157 0.43157 0.43157 0.80971 0.80971 0.80971 0.80971 0.56596 0.56596 0.56596 0.56596 0.68761 0.68761 0.68761 0.68761 0.65048 0.65048 0.65048 0.65048 0.82006 0.82006 0.82006 0.82006 0.91327 0.91327 0.91327 0.91327 0.87321 0.87321 0.87321 0.87321 0.51992 0.51992 0.51992 0.51992 0.23783 0.23783 0.23783 0.23783 0.24622 0.24622 0.24622 0.24622 0.32259 0.32259 0.32259 0.32259 0.35000 0.35000 0.35000 0.35000 0.27951 0.27951
0.01768 0.18028 0.18028 0.18028 0.18028 0.09520 0.09520 0.09520 0.09520 0.23585 0.23585 0.23585 0.23585 0.43157 0.43157 0.43157 0.43157 0.80971 0.80971 0.80971 0.80971 0.56596 0.56596 0.56596 0.56596 0.68761 0.68761 0.68761 0.68761 0.65048 0.65048 0.65048 0.65048 0.82006 0.82006 0.82006 0.82006 0.91327 0.91327 0.91327 0.91327 0.87321 0.87321 0.87321 0.87321 0.51992 0.51992 0.51992 0.51992 0.23783 0.23783 0.23783 0.23783 0.24622 0.24622 0.24622 0.24622 0.32259 0.32259 0.32259 0.32259 0.35000 0.35000 0.35000 0.35000 0.27951 0.27951
0.28504 0.03536 0.03536 0.03536 0.03536 0.21578 0.21578 0.21578 0.21578 0.31325 0.31325 0.31325 0.31325 0.42463 0.42463 0.42463 0.42463 0.70733 0.70733 0.70733 0.70733 0.80971 0.80971 0.80971 0.80971 0.99530 0.99530 0.99530 0.99530 1.06257 1.06257 1.06257 1.06257 1.03758 1.03758 1.03758 1.03758 0.88406 0.88406 0.88406 0.88406 0.71261 0.71261 0.71261 0.71261 0.60879 0.60879 0.60879 0.60879 0.40812 0.40812 0.40812 0.40812 0.13463 0.13463 0.13463 0.13463 0.29633 0.29633 0.29633 0.29633 0.26517 0.26517 0.26517 0.26517 0.07289 0.07289
0.28504 0.03536 0.03536 0.03536 0.03536 0.21578 0.21578 0.21578 0.21578 0.31325 0.31325 0.31325 0.31325 0.42463 0.42463 0.42463 0.42463 0.70733 0.70733 0.70733 0.70733 0.80971 0.80971 0.80971 0.80971 0.99530 0.99530 0.99530 0.99530 1.06257 1.06257 1.06257 1.06257 1.03758 1.03758 1.03758 1.03758 0.88406 0.88406 0.88406 0.88406 0.71261 0.71261 0.71261 0.71261 0.60879 0.60879 0.60879 0.60879 0.40812 0.40812 0.40812 0.40812 0.13463 0.13463 0.13463 0.13463 0.29633 0.29633 0.29633 0.29633 0.26517 0.26517 0.26517 0.26517 0.07289 0.07289
0.28504 0.03536 0.03536 0.03536 0.03536 0.21578 0.21578 0.21578 0.21578 0.31325 0.31325 0.31325 0.31325 0.42463 0.42463 0.42463 0.42463 0.70733 0.70733 0.70733 0.70733 0.80971 0.80971 0.80971 0.80971 0.99530 0.99530 0.99530 0.99530 1.06257 1.06257 1.06257 1.06257 1.03758 1.03758 1.03758 1.03758 0.88406 0.88406 0.88406 0.88406 0.71261 0.71261 0.71261 0.71261 0.60879 0.60879 0.60879 0.60879 0.40812 0.40812 0.40812 0.40812 0.13463 0.13463 0.13463 0.13463 0.29633 0.29633 0.29633 0.29633 0.26517 0.26517 0.26517 0.26517 0.07289 0.07289
0.28504 0.03536 0.03536 0.03536 0.03536 0.21578 0.21578 0.21578 0.21578 0.31325 0.31325 0.31325 0.31325 0.42463 0.42463 0.42463 0.42463 0.70733 0.70733 0.70733 0.70733 0.80971 0.80971 0.80971 0.80971 0.99530 0.99530 0.99530 0.99530 1.06257 1.06257 1.06257 1.06257 1.03758 1.03758 1.03758 1.03758 0.88406 0.88406 0.88406 0.88406 0.71261 0.71261 0.71261 0.71261 0.60879 0.60879 0.60879 0.60879 0.40812 0.40812 0.40812 0.40812 0.13463 0.13463 0.13463 0.13463 0.29633 0.29633 0.29633 0.29633 0.26517 0.26517 0.26517 0.26517 0.07289 0.07289
0.58363 0.30259 0.30259 0.30259 0.30259 0.16677 0.16677 0.16677 0.16677 0.30052 0.30052 0.30052 0.30052 0.32016 0.32016 0.32016 0.32016 0.15207 0.15207 0.15207 0.15207 0.53180 0.53180 0.53180 0.53180 0.86259 0.86259 0.86259 0.86259 0.97500 0.97500 0.97500 0.97500 0.89233 0.89233 0.89233 0.89233 0.66427 0.66427 0.66427 0.66427 0.44194 0.44194 0.44194 0.44194 0.44335 0.44335 0.44335 0.44335 0.48638 0.48638 0.48638 0.48638 0.55227 0.55227 0.55227 0.55227 0.34141 0.34141 0.34141 0.34141 0.10607 0.10607 0.10607 0.10607 0.30104 0.30104
0.58363 0.30259 0.30259 0.30259 0.30259 0.16677 0.16677 0.16677 0.16677 0.30052 0.30052 0.30052 0.30052 0.32016 0.32016 0.32016 0.32016 0.15207 0.15207 0.15207 0.15207 0.53180 0.53180 0.53180 0.53180 0.86259 0.86259 0.86259 0.86259 0.97500 0.97500 0.97500 0.97500 0.89233 0.89233 0.89233 0.89233 0.66427 0.66427 0.66427 0.66427 0.44194 0.44194 0.44194 0.44194 0.44335 0.44335 0.44335 0.44335 0.48638 0.48638 0.48638 0.48638 0.55227 0.55227 0.55227 0.55227 0.34141 0.34141 0.34141 0.34141 0.10607 0.10607 0.10607 0.10607 0.30104 0.30104
0.58363 0.30259 0.30259 0.30259 0.30259 0.16677 0.16677 0.16677 0.16677 0.30052 0.30052 0.30052 0.30052 0.32016 0.32016 0.32016 0.32016 0.15207 0.15207 0.15207 0.15207 0.53180 0.53180 0.53180 0.53180 0.86259 0.86259 0.86259 0.86259 0.97500 0.97500 0.97500 0.97500 0.89233 0.89233 0.89233 0.89233 0.66427 0.66427 0.66427 0.66427 0.44194 0.44194 0.44194 0.44194 0.44335 0.44335 0.44335 0.44335 0.48638 0.48638 0.48638 0.48638 0.55227 0.55227 0.55227 0.55227 0.34141 0.34141 0.34141 0.34141 0.10607 0.10607 0.10607 0.10607 0.30104 0.30104
