Example_case_study_data/Madrid/slope_madrid_250.asc
ncols        605
nrows        655
xllcorner    3075750.000000000000
yllcorner    1961750.000000000000
cellsize     250.000000000000
NODATA_value    -9999
[rows 174 to 202 of 655, columns 134 to 200 of 605]
0.11319 0.11319 0.19526 0.19526 0.19526 0.19526 0.18456 0.18456 0.18456 0.18456 0.19764 0.19764 0.19764 0.19764 0.16008 0.16008 0.16008 0.16008 0.05303 0.05303 0.05303 0.05303 0.10308 0.10308 0.10308 0.10308 0.06374 0.06374 0.06374 0.06374 0.15910 0.15910 0.15910 0.15910 0.22981 0.22981 0.22981 0.22981 0.12500 0.12500 0.12500 0.12500 0.12500 0.12500 0.12500 0.12500 0.29155 0.29155 0.29155 0.29155 0.21360 0.21360 0.21360 0.21360 0.20156 0.20156 0.20156 0.20156 0.14252 0.14252 0.14252 0.14252 0.18456 0.18456 0.18456 0.18456 0.01768
0.11319 0.11319 0.19526 0.19526 0.19526 0.19526 0.18456 0.18456 0.18456 0.18456 0.19764 0.19764 0.19764 0.19764 0.16008 0.16008 0.16008 0.16008 0.05303 0.05303 0.05303 0.05303 0.10308 0.10308 0.10308 0.10308 0.06374 0.06374 0.06374 0.06374 0.15910 0.15910 0.15910 0.15910 0.22981 0.22981 0.22981 0.22981 0.12500 0.12500 0.12500 0.12500 0.12500 0.12500 0.12500 0.12500 0.29155 0.29155 0.29155 0.29155 0.21360 0.21360 0.21360 0.21360 0.20156 0.20156 0.20156 0.20156 0.14252 0.14252 0.14252 0.14252 0.18456 0.18456 0.18456 0.18456 0.01768
0.08839 0.08839 0.12500 0.12500 0.12500 0.12500 0.18028 0.18028 0.18028 0.18028 0.15104 0.15104 0.15104 0.15104 0.25311 0.25311 0.25311 0.25311 0.22361 0.22361 0.22361 0.22361 0.03953 0.03953 0.03953 0.03953 0.07071 0.07071 0.07071 0.07071 0.05590 0.05590 0.05590 0.05590 0.21287 0.21287 0.21287 0.21287 0.17410 0.17410 0.17410 0.17410 0.12748 0.12748 0.12748 0.12748 0.30516 0.30516 0.30516 0.30516 0.15000 0.15000 0.15000 0.15000 0.30052 0.30052 0.30052 0.30052 0.16771 0.16771 0.16771 0.16771 0.19039 0.19039 0.19039 0.19039 0.17500
0.08839 0.08839 0.12500 0.12500 0.12500 0.12500 0.18028 0.18028 0.18028 0.18028 0.15104 0.15104 0.15104 0.15104 0.25311 0.25311 0.25311 0.25311 0.22361 0.22361 0.22361 0.22361 0.03953 0.03953 0.03953 0.03953 0.07071 0.07071 0.07071 0.07071 0.05590 0.05590 0.05590 0.05590 0.21287 0.21287 0.21287 0.21287 0.17410 0.17410 0.17410 0.17410 0.12748 0.12748 0.12748 0.12748 0.30516 0.30516 0.30516 0.30516 0.15000 0.15000 0.15000 0.15000 0.30052 0.30052 0.30052 0.30052 0.16771 0.16771 0.16771 0.16771 0.19039 0.19039 0.19039 0.19039 0.17500
0.08839 0.08839 0.12500 0.12500 0.12500 0.12500 0.18028 0.18028 0.18028 0.18028 0.15104 0.15104 0.15104 0.15104 0.25311 0.25311 0.25311 0.25311 0.22361 0.22361 0.22361 0.22361 0.03953 0.03953 0.03953 0.03953 0.07071 0.07071 0.07071 0.07071 0.05590 0.05590 0.05590 0.05590 0.21287 0.21287 0.21287 0.21287 0.17410 0.17410 0.17410 0.17410 0.12748 0.12748 0.12748 0.12748 0.30516 0.30516 0.30516 0.30516 0.15000 0.15000 0.15000 0.15000 0.30052 0.30052 0.30052 0.30052 0.16771 0.16771 0.16771 0.16771 0.19039 0.19039 0.19039 0.19039 0.17500
0.08839 0.08839 0.12500 0.12500 0.12500 0.12500 0.18028 0.18028 0.18028 0.18028 0.15104 0.15104 0.15104 0.15104 0.25311 0.25311 0.25311 0.25311 0.22361 0.22361 0.22361 0.22361 0.03953 0.03953 0.03953 0.03953 0.07071 0.07071 0.07071 0.07071 0.05590 0.05590 0.05590 0.05590 0.21287 0.21287 0.21287 0.21287 0.17410 0.17410 0.17410 0.17410 0.12748 0.12748 0.12748 0.12748 0.30516 0.30516 0.30516 0.30516 0.15000 0.15000 0.15000 0.15000 0.30052 0.30052 0.30052 0.30052 0.16771 0.16771 0.16771 0.16771 0.19039 0.19039 0.19039 0.19039 0.17500
0.15811 0.15811 0.19526 0.19526 0.19526 0.19526 0.22981 0.22981 0.22981 0.22981 0.18456 0.18456 0.18456 0.18456 0.21578 0.21578 0.21578 0.21578 0.30052 0.30052 0.30052 0.30052 0.20156 0.20156 0.20156 0.20156 0.05590 0.05590 0.05590 0.05590 0.18028 0.18028 0.18028 0.18028 0.17678 0.17678 0.17678 0.17678 0.29422 0.29422 0.29422 0.29422 0.30000 0.30000 0.30000 0.30000 0.33588 0.33588 0.33588 0.33588 0.27500 0.27500 0.27500 0.27500 0.33773 0.33773 0.33773 0.33773 0.11180 0.11180 0.11180 0.11180 0.12870 0.12870 0.12870 0.12870 0.27042
0.15811 0.15811 0.19526 0.19526 0.19526 0.19526 0.22981 0.22981 0.22981 0.22981 0.18456 0.18456 0.18456 0.18456 0.21578 0.21578 0.21578 0.21578 0.30052 0.30052 0.30052 0.30052 0.20156 0.20156 0.20156 0.20156 0.05590 0.05590 0.05590 0.05590 0.18028 0.18028 0.18028 0.18028 0.17678 0.17678 0.17678 0.17678 0.29422 0.29422 0.29422 0.29422 0.30000 0.30000 0.30000 0.30000 0.33588 0.33588 0.33588 0.33588 0.27500 0.27500 0.27500 0.27500 0.33773 0.33773 0.33773 0.33773 0.11180 0.11180 0.11180 0.11180 0.12870 0.12870 0.12870 0.12870 0.27042
0.15811 0.15811 0.19526 0.19526 0.19526 0.19526 0.22981 0.22981 0.22981 0.22981 0.18456 0.18456 0.18456 0.18456 0.21578 0.21578 0.21578 0.21578 0.30052 0.30052 0.30052 0.30052 0.20156 0.20156 0.20156 0.20156 0.05590 0.05590 0.05590 0.05590 0.18028 0.18028 0.18028 0.18028 0.17678 0.17678 0.17678 0.17678 0.29422 0.29422 0.29422 0.29422 0.30000 0.30000 0.30000 0.30000 0.33588 0.33588 0.33588 0.33588 0.27500 0.27500 0.27500 0.27500 0.33773 0.33773 0.33773 0.33773 0.11180 0.11180 0.11180 0.11180 0.12870 0.12870 0.12870 0.12870 0.27042
0.15811 0.15811 0.19526 0.19526 0.19526 0.19526 0.22981 0.22981 0.22981 0.22981 0.18456 0.18456 0.18456 0.18456 0.21578 0.21578 0.21578 0.21578 0.30052 0.30052 0.30052 0.30052 0.20156 0.20156 0.20156 0.20156 0.05590 0.05590 0.05590 0.05590 0.18028 0.18028 0.18028 0.18028 0.17678 0.17678 0.17678 0.17678 0.29422 0.29422 0.29422 0.29422 0.30000 0.30000 0.30000 0.30000 0.33588 0.33588 0.33588 0.33588 0.27500 0.27500 0.27500 0.27500 0.33773 0.33773 0.33773 0.33773 0.11180 0.11180 0.11180 0.11180 0.12870 0.12870 0.12870 0.12870 0.27042
0.29422 0.29422 0.32500 0.32500 0.32500 0.32500 0.24622 0.24622 0.24622 0.24622 0.15104 0.15104 0.15104 0.15104 0.07906 0.07906 0.07906 0.07906 0.21866 0.21866 0.21866 0.21866 0.30104 0.30104 0.30104 0.30104 0.20156 0.20156 0.20156 0.20156 0.24749 0.24749 0.24749 0.24749 0.19121 0.19121 0.19121 0.19121 0.17678 0.17678 0.17678 0.17678 0.14142 0.14142 0.14142 0.14142 0.21866 0.21866 0.21866 0.21866 0.24622 0.24622 0.24622 0.24622 0.31325 0.31325 0.31325 0.31325 0.24622 0.24622 0.24622 0.24622 0.16298 0.16298 0.16298 0.16298 0.14252
0.29422 0.29422 0.32500 0.32500 0.32500 0.32500 0.24622 0.24622 0.24622 0.24622 0.15104 0.15104 0.15104 0.15104 0.07906 0.07906 0.07906 0.07906 0.21866 0.21866 0.21866 0.21866 0.30104 0.30104 0.30104 0.30104 0.20156 0.20156 0.20156 0.20156 0.24749 0.24749 0.24749 0.24749 0.19121 0.19121 0.19121 0.19121 0.17678 0.17678 0.17678 0.17678 0.14142 0.14142 0.14142 0.14142 0.21866 0.21866 0.21866 0.21866 0.24622 0.24622 0.24622 0.24622 0.31325 0.31325 0.31325 0.31325 0.24622 0.24622 0.24622 0.24622 0.16298 0.16298 0.16298 0.16298 0.14252
0.29422 0.29422 0.32500 0.32500 0.32500 0.32500 0.24622 0.24622 0.24622 0.24622 0.15104 0.15104 0.15104 0.15104 0.07906 0.07906 0.07906 0.07906 0.21866 0.21866 0.21866 0.21866 0.30104 0.30104 0.30104 0.30104 0.20156 0.20156 0.20156 0.20156 0.24749 0.24749 0.24749 0.24749 0.19121 0.19121 0.19121 0.19121 0.17678 0.17678 0.17678 0.17678 0.14142 0.14142 0.14142 0.14142 0.21866 0.21866 0.21866 0.21866 0.24622 0.24622 0.24622 0.24622 0.31325 0.31325 0.31325 0.31325 0.24622 0.24622 0.24622 0.24622 0.16298 0.16298 0.16298 0.16298 0.14252
0.29422 0.29422 0.32500 0.32500 0.32500 0.32500 0.24622 0.24622 0.24622 0.24622 0.15104 0.15104 0.15104 0.15104 0.07906 0.07906 0.07906 0.07906 0.21866 0.21866 0.21866 0.21866 0.30104 0.30104 0.30104 0.30104 0.20156 0.20156 0.20156 0.20156 0.24749 0.24749 0.24749 0.24749 0.19121 0.19121 0.19121 0.19121 0.17678 0.17678 0.17678 0.17678 0.14142 0.14142 0.14142 0.14142 0.21866 0.21866 0.21866 0.21866 0.24622 0.24622 0.24622 0.24622 0.31325 0.31325 0.31325 0.31325 0.24622 0.24622 0.24622 0.24622 0.16298 0.16298 0.16298 0.16298 0.14252
0.27042 0.27042 0.35795 0.35795 0.35795 0.35795 0.32500 0.32500 0.32500 0.32500 0.21578 0.21578 0.21578 0.21578 0.14577 0.14577 0.14577 0.14577 0.16298 0.16298 0.16298 0.16298 0.19526 0.19526 0.19526 0.19526 0.19121 0.19121 0.19121 0.19121 0.19526 0.19526 0.19526 0.19526 0.11180 0.11180 0.11180 0.11180 0.11180 0.11180 0.11180 0.11180 0.17678 0.17678 0.17678 0.17678 0.20691 0.20691 0.20691 0.20691 0.21866 0.21866 0.21866 0.21866 0.19445 0.19445 0.19445 0.19445 0.20156 0.20156 0.20156 0.20156 0.31869 0.31869 0.31869 0.31869 0.22500
0.27042 0.27042 0.35795 0.35795 0.35795 0.35795 0.32500 0.32500 0.32500 0.32500 0.21578 0.21578 0.21578 0.21578 0.14577 0.14577 0.14577 0.14577 0.16298 0.16298 0.16298 0.16298 0.19526 0.19526 0.19526 0.19526 0.19121 0.19121 0.19121 0.19121 0.19526 0.19526 0.19526 0.19526 0.11180 0.11180 0.11180 0.11180 0.11180 0.11180 0.11180 0.11180 0.17678 0.17678 0.17678 0.17678 0.20691 0.20691 0.20691 0.20691 0.21866 0.21866 0.21866 0.21866 0.19445 0.19445 0.19445 0.19445 0.20156 0.20156 0.20156 0.20156 0.31869 0.31869 0.31869 0.31869 0.22500
0.27042 0.27042 0.35795 0.35795 0.35795 0.35795 0.32500 0.32500 0.32500 0.32500 0.21578 0.21578 0.21578 0.21578 0.14577 0.14577 0.14577 0.14577 0.16298 0.16298 0.16298 0.16298 0.19526 0.19526 0.19526 0.19526 0.19121 0.19121 0.19121 0.19121 0.19526 0.19526 0.19526 0.19526 0.11180 0.11180 0.11180 0.11180 0.11180 0.11180 0.11180 0.11180 0.17678 0.17678 0.17678 0.17678 0.20691 0.20691 0.20691 0.20691 0.21866 0.21866 0.21866 0.21866 0.19445 0.19445 0.19445 0.19445 0.20156 0.20156 0.20156 0.20156 0.31869 0.31869 0.31869 0.31869 0.22500
0.27042 0.27042 0.35795 0.35795 0.35795 0.35795 0.32500 0.32500 0.32500 0.32500 0.21578 0.21578 0.21578 0.21578 0.14577 0.14577 0.14577 0.14577 0.16298 0.16298 0.16298 0.16298 0.19526 0.19526 0.19526 0.19526 0.19121 0.19121 0.19121 0.19121 0.19526 0.19526 0.19526 0.19526 0.11180 0.11180 0.11180 0.11180 0.11180 0.11180 0.11180 0.11180 0.17678 0.17678 0.17678 0.17678 0.20691 0.20691 0.20691 0.20691 0.21866 0.21866 0.21866 0.21866 0.19445 0.19445 0.19445 0.19445 0.20156 0.20156 0.20156 0.20156 0.31869 0.31869 0.31869 0.31869 0.22500
0.37165 0.37165 0.48541 0.48541 0.48541 0.48541 0.47762 0.47762 0.47762 0.47762 0.45069 0.45069 0.45069 0.45069 0.36443 0.36443 0.36443 0.36443 0.32016 0.32016 0.32016 0.32016 0.21506 0.21506 0.21506 0.21506 0.16298 0.16298 0.16298 0.16298 0.14252 0.14252 0.14252 0.14252 0.14577 0.14577 0.14577 0.14577 0.21287 0.21287 0.21287 0.21287 0.28559 0.28559 0.28559 0.28559 0.22361 0.22361 0.22361 0.22361 0.10308 0.10308 0.10308 0.10308 0.10308 0.10308 0.10308 0.10308 0.03953 0.03953 0.03953 0.03953 0.19526 0.19526 0.19526 0.19526 0.15811
0.37165 0.37165 0.48541 0.48541 0.48541 0.48541 0.47762 0.47762 0.47762 0.47762 0.45069 0.45069 0.45069 0.45069 0.36443 0.36443 0.36443 0.36443 0.32016 0.32016 0.32016 0.32016 0.21506 0.21506 0.21506 0.21506 0.16298 0.16298 0.16298 0.16298 0.14252 0.14252 0.14252 0.14252 0.14577 0.14577 0.14577 0.14577 0.21287 0.21287 0.21287 0.21287 0.28559 0.28559 0.28559 0.28559 0.22361 0.22361 0.22361 0.22361 0.10308 0.10308 0.10308 0.10308 0.10308 0.10308 0.10308 0.10308 0.03953 0.03953 0.03953 0.03953 0.19526 0.19526 0.19526 0.19526 0.15811
0.37165 0.37165 0.48541 0.48541 0.48541 0.48541 0.47762 0.47762 0.47762 0.47762 0.45069 0.45069 0.45069 0.45069 0.36443 0.36443 0.36443 0.36443 0.32016 0.32016 0.32016 0.32016 0.21506 0.21506 0.21506 0.21506 0.16298 0.16298 0.16298 0.16298 0.14252 0.14252 0.14252 0.14252 0.14577 0.14577 0.14577 0.14577 0.21287 0.21287 0.21287 0.21287 0.28559 0.28559 0.28559 0.28559 0.22361 0.22361 0.22361 0.22361 0.10308 0.10308 0.10308 0.10308 0.10308 0.10308 0.10308 0.10308 0.03953 0.03953 0.03953 0.03953 0.19526 0.19526 0.19526 0.19526 0.15811
0.37165 0.37165 0.48541 0.48541 0.48541 0.48541 0.47762 0.47762 0.47762 0.47762 0.45069 0.45069 0.45069 0.45069 0.36443 0.36443 0.36443 0.36443 0.32016 0.32016 0.32016 0.32016 0.21506 0.21506 0.21506 0.21506 0.16298 0.16298 0.16298 0.16298 0.14252 0.14252 0.14252 0.14252 0.14577 0.14577 0.14577 0.14577 0.21287 0.21287 0.21287 0.21287 0.28559 0.28559 0.28559 0.28559 0.22361 0.22361 0.22361 0.22361 0.10308 0.10308 0.10308 0.10308 0.10308 0.10308 0.10308 0.10308 0.03953 0.03953 0.03953 0.03953 0.19526 0.19526 0.19526 0.19526 0.15811
0.41608 0.41608 0.33025 0.33025 0.33025 0.33025 0.15000 0.15000 0.15000 0.15000 0.29633 0.29633 0.29633 0.29633 0.36912 0.36912 0.36912 0.36912 0.40659 0.40659 0.40659 0.40659 0.29155 0.29155 0.29155 0.29155 0.25000 0.25000 0.25000 0.25000 0.23783 0.23783 0.23783 0.23783 0.24622 0.24622 0.24622 0.24622 0.25311 0.25311 0.25311 0.25311 0.27443 0.27443 0.27443 0.27443 0.26517 0.26517 0.26517 0.26517 0.12870 0.12870 0.12870 0.12870 0.03536 0.03536 0.03536 0.03536 0.03953 0.03953 0.03953 0.03953 0.05000 0.05000 0.05000 0.05000 0.10308
0.41608 0.41608 0.33025 0.33025 0.33025 0.33025 0.15000 0.15000 0.15000 0.15000 0.29633 0.29633 0.29633 0.29633 0.36912 0.36912 0.36912 0.36912 0.40659 0.40659 0.40659 0.40659 0.29155 0.29155 0.29155 0.29155 0.25000 0.25000 0.25000 0.25000 0.23783 0.23783 0.23783 0.23783 0.24622 0.24622 0.24622 0.24622 0.25311 0.25311 0.25311 0.25311 0.27443 0.27443 0.27443 0.27443 0.26517 0.26517 0.26517 0.26517 0.12870 0.12870 0.12870 0.12870 0.03536 0.03536 0.03536 0.03536 0.03953 0.03953 0.03953 0.03953 0.05000 0.05000 0.05000 0.05000 0.10308
0.41608 0.41608 0.33025 0.33025 0.33025 0.33025 0.15000 0.15000 0.15000 0.15000 0.29633 0.29633 0.29633 0.29633 0.36912 0.36912 0.36912 0.36912 0.40659 0.40659 0.40659 0.40659 0.29155 0.29155 0.29155 0.29155 0.25000 0.25000 0.25000 0.25000 0.23783 0.23783 0.23783 0.23783 0.24622 0.24622 0.24622 0.24622 0.25311 0.25311 0.25311 0.25311 0.27443 0.27443 0.27443 0.27443 0.26517 0.26517 0.26517 0.26517 0.12870 0.12870 0.12870 0.12870 0.03536 0.03536 0.03536 0.03536 0.03953 0.03953 0.03953 0.03953 0.05000 0.05000 0.05000 0.05000 0.10308
0.41608 0.41608 0.33025 0.33025 0.33025 0.33025 0.15000 0.15000 0.15000 0.15000 0.29633 0.29633 0.29633 0.29633 0.36912 0.36912 0.36912 0.36912 0.40659 0.40659 0.40659 0.40659 0.29155 0.29155 0.29155 0.29155 0.25000 0.25000 0.25000 0.25000 0.23783 0.23783 0.23783 0.23783 0.24622 0.24622 0.24622 0.24622 0.25311 0.25311 0.25311 0.25311 0.27443 0.27443 0.27443 0.27443 0.26517 0.26517 0.26517 0.26517 0.12870 0.12870 0.12870 0.12870 0.03536 0.03536 0.03536 0.03536 0.03953 0.03953 0.03953 0.03953 0.05000 0.05000 0.05000 0.05000 0.10308
0.26101 0.26101 0.28777 0.28777 0.28777 0.28777 0.25739 0.25739 0.25739 0.25739 0.05303 0.05303 0.05303 0.05303 0.18028 0.18028 0.18028 0.18028 0.39251 0.39251 0.39251 0.39251 0.30208 0.30208 0.30208 0.30208 0.26517 0.26517 0.26517 0.26517 0.18456 0.18456 0.18456 0.18456 0.08839 0.08839 0.08839 0.08839 0.08839 0.08839 0.08839 0.08839 0.11180 0.11180 0.11180 0.11180 0.23585 0.23585 0.23585 0.23585 0.17766 0.17766 0.17766 0.17766 0.11180 0.11180 0.11180 0.11180 0.10308 0.10308 0.10308 0.10308 0.19764 0.19764 0.19764 0.19764 0.26517
0.26101 0.26101 0.28777 0.28777 0.28777 0.28777 0.25739 0.25739 0.25739 0.25739 0.05303 0.05303 0.05303 0.05303 0.18028 0.18028 0.18028 0.18028 0.39251 0.39251 0.39251 0.39251 0.30208 0.30208 0.30208 0.30208 0.26517 0.26517 0.26517 0.26517 0.18456 0.18456 0.18456 0.18456 0.08839 0.08839 0.08839 0.08839 0.08839 0.08839 0.08839 0.08839 0.11180 0.11180 0.11180 0.11180 0.23585 0.23585 0.23585 0.23585 0.17766 0.17766 0.17766 0.17766 0.11180 0.11180 0.11180 0.11180 0.10308 0.10308 0.10308 0.10308 0.19764 0.19764 0.19764 0.19764 0.26517
0.26101 0.26101 0.28777 0.28777 0.28777 0.28777 0.25739 0.25739 0.25739 0.25739 0.05303 0.05303 0.05303 0.05303 0.18028 0.18028 0.18028 0.18028 0.39251 0.39251 0.39251 0.39251 0.30208 0.30208 0.30208 0.30208 0.26517 0.26517 0.26517 0.26517 0.18456 0.18456 0.18456 0.18456 0.08839 0.08839 0.08839 0.08839 0.08839 0.08839 0.08839 0.08839 0.11180 0.11180 0.11180 0.11180 0.23585 0.23585 0.23585 0.23585 0.17766 0.17766 0.17766 0.17766 0.11180 0.11180 0.11180 0.11180 0.10308 0.10308 0.10308 0.10308 0.19764 0.19764 0.19764 0.19764 0.26517
