Example_case_study_data/Budapest/elevation_budapest_250.asc
ncols         487
nrows         547
xllcorner     4966250
yllcorner     2686500
cellsize      250
NODATA_value  -9999
[rows 171 to 227 of 547, columns 192 to 287 of 487]
80 80 80 80 80 80 80 80 86 86 86 86 71 71 71 71 67 67 67 67 61 61 61 61 48 48 48 48 45 45 45 45 72 72 72 72 74 74 74 74 87 87 87 87 71 71 71 71 69 69 69 69 77 77 77 77 74 74 74 74 74 74 74 74 66 66 66 66 61 61 61 61 52 52 52 52 48 48 48 48 46 46 46 46 45 45 45 45 42 42 42 42 45 45 45 45
80 80 80 80 76 76 76 76 84 84 84 84 75 75 75 75 75 75 75 75 69 69 69 69 55 55 55 55 43 43 43 43 67 67 67 67 67 67 67 67 82 82 82 82 66 66 66 66 59 59 59 59 75 75 75 75 67 67 67 67 66 66 66 66 67 67 67 67 61 61 61 61 52 52 52 52 48 48 48 48 46 46 46 46 45 45 45 45 45 45 45 45 44 44 44 44
80 80 80 80 76 76 76 76 84 84 84 84 75 75 75 75 75 75 75 75 69 69 69 69 55 55 55 55 43 43 43 43 67 67 67 67 67 67 67 67 82 82 82 82 66 66 66 66 59 59 59 59 75 75 75 75 67 67 67 67 66 66 66 66 67 67 67 67 61 61 61 61 52 52 52 52 48 48 48 48 46 46 46 46 45 45 45 45 45 45 45 45 44 44 44 44
80 80 80 80 76 76 76 76 84 84 84 84 75 75 75 75 75 75 75 75 69 69 69 69 55 55 55 55 43 43 43 43 67 67 67 67 67 67 67 67 82 82 82 82 66 66 66 66 59 59 59 59 75 75 75 75 67 67 67 67 66 66 66 66 67 67 67 67 61 61 61 61 52 52 52 52 48 48 48 48 46 46 46 46 45 45 45 45 45 45 45 45 44 44 44 44
80 80 80 80 76 76 76 76 84 84 84 84 75 75 75 75 75 75 75 75 69 69 69 69 55 55 55 55 43 43 43 43 67 67 67 67 67 67 67 67 82 82 82 82 66 66 66 66 59 59 59 59 75 75 75 75 67 67 67 67 66 66 66 66 67 67 67 67 61 61 61 61 52 52 52 52 48 48 48 48 46 46 46 46 45 45 45 45 45 45 45 45 44 44 44 44
82 82 82 82 77 77 77 77 73 73 73 73 72 72 72 72 82 82 82 82 71 71 71 71 58 58 58 58 45 45 45 45 50 50 50 50 55 55 55 55 71 71 71 71 67 67 67 67 55 55 55 55 73 73 73 73 66 66 66 66 61 61 61 61 60 60 60 60 58 58 58 58 49 49 49 49 46 46 46 46 45 45 45 45 45 45 45 45 45 45 45 45 43 43 43 43
82 82 82 82 77 77 77 77 73 73 73 73 72 72 72 72 82 82 82 82 71 71 71 71 58 58 58 58 45 45 45 45 50 50 50 50 55 55 55 55 71 71 71 71 67 67 67 67 55 55 55 55 73 73 73 73 66 66 66 66 61 61 61 61 60 60 60 60 58 58 58 58 49 49 49 49 46 46 46 46 45 45 45 45 45 45 45 45 45 45 45 45 43 43 43 43
82 82 82 82 77 77 77 77 73 73 73 73 72 72 72 72 82 82 82 82 71 71 71 71 58 58 58 58 45 45 45 45 50 50 50 50 55 55 55 55 71 71 71 71 67 67 67 67 55 55 55 55 73 73 73 73 66 66 66 66 61 61 61 61 60 60 60 60 58 58 58 58 49 49 49 49 46 46 46 46 45 45 45 45 45 45 45 45 45 45 45 45 43 43 43 43
82 82 82 82 77 77 77 77 73 73 73 73 72 72 72 72 82 82 82 82 71 71 71 71 58 58 58 58 45 45 45 45 50 50 50 50 55 55 55 55 71 71 71 71 67 67 67 67 55 55 55 55 73 73 73 73 66 66 66 66 61 61 61 61 60 60 60 60 58 58 58 58 49 49 49 49 46 46 46 46 45 45 45 45 45 45 45 45 45 45 45 45 43 43 43 43
82 82 82 82 87 87 87 87 73 73 73 73 67 67 67 67 74 74 74 74 81 81 81 81 74 74 74 74 56 56 56 56 45 45 45 45 43 43 43 43 60 60 60 60 64 64 64 64 57 57 57 57 64 64 64 64 63 63 63 63 58 58 58 58 55 55 55 55 52 52 52 52 49 49 49 49 47 47 47 47 45 45 45 45 43 43 43 43 43 43 43 43 42 42 42 42
82 82 82 82 87 87 87 87 73 73 73 73 67 67 67 67 74 74 74 74 81 81 81 81 74 74 74 74 56 56 56 56 45 45 45 45 43 43 43 43 60 60 60 60 64 64 64 64 57 57 57 57 64 64 64 64 63 63 63 63 58 58 58 58 55 55 55 55 52 52 52 52 49 49 49 49 47 47 47 47 45 45 45 45 43 43 43 43 43 43 43 43 42 42 42 42
82 82 82 82 87 87 87 87 73 73 73 73 67 67 67 67 74 74 74 74 81 81 81 81 74 74 74 74 56 56 56 56 45 45 45 45 43 43 43 43 60 60 60 60 64 64 64 64 57 57 57 57 64 64 64 64 63 63 63 63 58 58 58 58 55 55 55 55 52 52 52 52 49 49 49 49 47 47 47 47 45 45 45 45 43 43 43 43 43 43 43 43 42 42 42 42
82 82 82 82 87 87 87 87 73 73 73 73 67 67 67 67 74 74 74 74 81 81 81 81 74 74 74 74 56 56 56 56 45 45 45 45 43 43 43 43 60 60 60 60 64 64 64 64 57 57 57 57 64 64 64 64 63 63 63 63 58 58 58 58 55 55 55 55 52 52 52 52 49 49 49 49 47 47 47 47 45 45 45 45 43 43 43 43 43 43 43 43 42 42 42 42
83 83 83 83 94 94 94 94 82 82 82 82 71 71 71 71 67 67 67 67 71 71 71 71 73 73 73 73 77 77 77 77 58 58 58 58 44 44 44 44 45 45 45 45 45 45 45 45 46 46 46 46 49 49 49 49 58 58 58 58 53 53 53 53 49 49 49 49 49 49 49 49 48 48 48 48 47 47 47 47 45 45 45 45 43 43 43 43 41 41 41 41 40 40 40 40
83 83 83 83 94 94 94 94 82 82 82 82 71 71 71 71 67 67 67 67 71 71 71 71 73 73 73 73 77 77 77 77 58 58 58 58 44 44 44 44 45 45 45 45 45 45 45 45 46 46 46 46 49 49 49 49 58 58 58 58 53 53 53 53 49 49 49 49 49 49 49 49 48 48 48 48 47 47 47 47 45 45 45 45 43 43 43 43 41 41 41 41 40 40 40 40
83 83 83 83 94 94 94 94 82 82 82 82 71 71 71 71 67 67 67 67 71 71 71 71 73 73 73 73 77 77 77 77 58 58 58 58 44 44 44 44 45 45 45 45 45 45 45 45 46 46 46 46 49 49 49 49 58 58 58 58 53 53 53 53 49 49 49 49 49 49 49 49 48 48 48 48 47 47 47 47 45 45 45 45 43 43 43 43 41 41 41 41 40 40 40 40
83 83 83 83 94 94 94 94 82 82 82 82 71 71 71 71 67 67 67 67 71 71 71 71 73 73 73 73 77 77 77 77 58 58 58 58 44 44 44 44 45 45 45 45 45 45 45 45 46 46 46 46 49 49 49 49 58 58 58 58 53 53 53 53 49 49 49 49 49 49 49 49 48 48 48 48 47 47 47 47 45 45 45 45 43 43 43 43 41 41 41 41 40 40 40 40
82 82 82 82 97 97 97 97 94 94 94 94 86 86 86 86 84 84 84 84 79 79 79 79 68 68 68 68 78 78 78 78 75 75 75 75 65 65 65 65 50 50 50 50 45 45 45 45 41 41 41 41 41 41 41 41 43 43 43 43 49 49 49 49 48 48 48 48 47 47 47 47 47 47 47 47 46 46 46 46 44 44 44 44 43 43 43 43 43 43 43 43 40 40 40 40
82 82 82 82 97 97 97 97 94 94 94 94 86 86 86 86 84 84 84 84 79 79 79 79 68 68 68 68 78 78 78 78 75 75 75 75 65 65 65 65 50 50 50 50 45 45 45 45 41 41 41 41 41 41 41 41 43 43 43 43 49 49 49 49 48 48 48 48 47 47 47 47 47 47 47 47 46 46 46 46 44 44 44 44 43 43 43 43 43 43 43 43 40 40 40 40
82 82 82 82 97 97 97 97 94 94 94 94 86 86 86 86 84 84 84 84 79 79 79 79 68 68 68 68 78 78 78 78 75 75 75 75 65 65 65 65 50 50 50 50 45 45 45 45 41 41 41 41 41 41 41 41 43 43 43 43 49 49 49 49 48 48 48 48 47 47 47 47 47 47 47 47 46 46 46 46 44 44 44 44 43 43 43 43 43 43 43 43 40 40 40 40
82 82 82 82 97 97 97 97 94 94 94 94 86 86 86 86 84 84 84 84 79 79 79 79 68 68 68 68 78 78 78 78 75 75 75 75 65 65 65 65 50 50 50 50 45 45 45 45 41 41 41 41 41 41 41 41 43 43 43 43 49 49 49 49 48 48 48 48 47 47 47 47 47 47 47 47 46 46 46 46 44 44 44 44 43 43 43 43 43 43 43 43 40 40 40 40
78 78 78 78 89 89 89 89 94 94 94 94 82 82 82 82 84 84 84 84 85 85 85 85 67 67 67 67 57 57 57 57 73 73 73 73 66 66 66 66 63 63 63 63 53 53 53 53 43 43 43 43 40 40 40 40 40 40 40 40 40 40 40 40 40 40 40 40 40 40 40 40 43 43 43 43 45 45 45 45 45 45 45 45 43 43 43 43 43 43 43 43 41 41 41 41
78 78 78 78 89 89 89 89 94 94 94 94 82 82 82 82 84 84 84 84 85 85 85 85 67 67 67 67 57 57 57 57 73 73 73 73 66 66 66 66 63 63 63 63 53 53 53 53 43 43 43 43 40 40 40 40 40 40 40 40 40 40 40 40 40 40 40 40 40 40 40 40 43 43 43 43 45 45 45 45 45 45 45 45 43 43 43 43 43 43 43 43 41 41 41 41
78 78 78 78 89 89 89 89 94 94 94 94 82 82 82 82 84 84 84 84 85 85 85 85 67 67 67 67 57 57 57 57 73 73 73 73 66 66 66 66 63 63 63 63 53 53 53 53 43 43 43 43 40 40 40 40 40 40 40 40 40 40 40 40 40 40 40 40 40 40 40 40 43 43 43 43 45 45 45 45 45 45 45 45 43 43 43 43 43 43 43 43 41 41 41 41
78 78 78 78 89 89 89 89 94 94 94 94 82 82 82 82 84 84 84 84 85 85 85 85 67 67 67 67 57 57 57 57 73 73 73 73 66 66 66 66 63 63 63 63 53 53 53 53 43 43 43 43 40 40 40 40 40 40 40 40 40 40 40 40 40 40 40 40 40 40 40 40 43 43 43 43 45 45 45 45 45 45 45 45 43 43 43 43 43 43 43 43 41 41 41 41
84 84 84 84 88 88 88 88 92 92 92 92 85 85 85 85 73 73 73 73 70 70 70 70 82 82 82 82 60 60 60 60 53 53 53 53 55 55 55 55 49 49 49 49 51 51 51 51 61 61 61 61 46 46 46 46 57 57 57 57 47 47 47 47 38 38 38 38 34 34 34 34 38 38 38 38 39 39 39 39 37 37 37 37 40 40 40 40 41 41 41 41 41 41 41 41
84 84 84 84 88 88 88 88 92 92 92 92 85 85 85 85 73 73 73 73 70 70 70 70 82 82 82 82 60 60 60 60 53 53 53 53 55 55 55 55 49 49 49 49 51 51 51 51 61 61 61 61 46 46 46 46 57 57 57 57 47 47 47 47 38 38 38 38 34 34 34 34 38 38 38 38 39 39 39 39 37 37 37 37 40 40 40 40 41 41 41 41 41 41 41 41
84 84 84 84 88 88 88 88 92 92 92 92 85 85 85 85 73 73 73 73 70 70 70 70 82 82 82 82 60 60 60 60 53 53 53 53 55 55 55 55 49 49 49 49 51 51 51 51 61 61 61 61 46 46 46 46 57 57 57 57 47 47 47 47 38 38 38 38 34 34 34 34 38 38 38 38 39 39 39 39 37 37 37 37 40 40 40 40 41 41 41 41 41 41 41 41
84 84 84 84 88 88 88 88 92 92 92 92 85 85 85 85 73 73 73 73 70 70 70 70 82 82 82 82 60 60 60 60 53 53 53 53 55 55 55 55 49 49 49 49 51 51 51 51 61 61 61 61 46 46 46 46 57 57 57 57 47 47 47 47 38 38 38 38 34 34 34 34 38 38 38 38 39 39 39 39 37 37 37 37 40 40 40 40 41 41 41 41 41 41 41 41
77 77 77 77 87 87 87 87 82 82 82 82 91 91 91 91 89 89 89 89 73 73 73 73 71 71 71 71 67 67 67 67 66 66 66 66 78 78 78 78 80 80 80 80 77 77 77 77 64 64 64 64 60 60 60 60 65 65 65 65 51 51 51 51 44 44 44 44 41 41 41 41 43 43 43 43 38 38 38 38 38 38 38 38 34 34 34 34 38 38 38 38 38 38 38 38
77 77 77 77 87 87 87 87 82 82 82 82 91 91 91 91 89 89 89 89 73 73 73 73 71 71 71 71 67 67 67 67 66 66 66 66 78 78 78 78 80 80 80 80 77 77 77 77 64 64 64 64 60 60 60 60 65 65 65 65 51 51 51 51 44 44 44 44 41 41 41 41 43 43 43 43 38 38 38 38 38 38 38 38 34 34 34 34 38 38 38 38 38 38 38 38
77 77 77 77 87 87 87 87 82 82 82 82 91 91 91 91 89 89 89 89 73 73 73 73 71 71 71 71 67 67 67 67 66 66 66 66 78 78 78 78 80 80 80 80 77 77 77 77 64 64 64 64 60 60 60 60 65 65 65 65 51 51 51 51 44 44 44 44 41 41 41 41 43 43 43 43 38 38 38 38 38 38 38 38 34 34 34 34 38 38 38 38 38 38 38 38
77 77 77 77 87 87 87 87 82 82 82 82 91 91 91 91 89 89 89 89 73 73 73 73 71 71 71 71 67 67 67 67 66 66 66 66 78 78 78 78 80 80 80 80 77 77 77 77 64 64 64 64 60 60 60 60 65 65 65 65 51 51 51 51 44 44 44 44 41 41 41 41 43 43 43 43 38 38 38 38 38 38 38 38 34 34 34 34 38 38 38 38 38 38 38 38
80 80 80 80 83 83 83 83 77 77 77 77 75 75 75 75 86 86 86 86 86 86 86 86 75 75 75 75 61 61 61 61 78 78 78 78 84 84 84 84 78 78 78 78 63 63 63 63 63 63 63 63 75 75 75 75 74 74 74 74 63 63 63 63 52 52 52 52 49 49 49 49 58 58 58 58 46 46 46 46 40 40 40 40 34 34 34 34 36 36 36 36 36 36 36 36
80 80 80 80 83 83 83 83 77 77 77 77 75 75 75 75 86 86 86 86 86 86 86 86 75 75 75 75 61 61 61 61 78 78 78 78 84 84 84 84 78 78 78 78 63 63 63 63 63 63 63 63 75 75 75 75 74 74 74 74 63 63 63 63 52 52 52 52 49 49 49 49 58 58 58 58 46 46 46 46 40 40 40 40 34 34 34 34 36 36 36 36 36 36 36 36
80 80 80 80 83 83 83 83 77 77 77 77 75 75 75 75 86 86 86 86 86 86 86 86 75 75 75 75 61 61 61 61 78 78 78 78 84 84 84 84 78 78 78 78 63 63 63 63 63 63 63 63 75 75 75 75 74 74 74 74 63 63 63 63 52 52 52 52 49 49 49 49 58 58 58 58 46 46 46 46 40 40 40 40 34 34 34 34 36 36 36 36 36 36 36 36
80 80 80 80 83 83 83 83 77 77 77 77 75 75 75 75 86 86 86 86 86 86 86 86 75 75 75 75 61 61 61 61 78 78 78 78 84 84 84 84 78 78 78 78 63 63 63 63 63 63 63 63 75 75 75 75 74 74 74 74 63 63 63 63 52 52 52 52 49 49 49 49 58 58 58 58 46 46 46 46 40 40 40 40 34 34 34 34 36 36 36 36 36 36 36 36
86 86 86 86 86 86 86 86 74 74 74 74 69 69 69 69 79 79 79 79 73 73 73 73 76 76 76 76 63 63 63 63 84 84 84 84 81 81 81 81 73 73 73 73 76 76 76 76 74 74 74 74 65 65 65 65 63 63 63 63 57 57 57 57 51 51 51 51 58 58 58 58 61 61 61 61 52 52 52 52 45 45 45 45 42 42 42 42 38 38 38 38 32 32 32 32
86 86 86 86 86 86 86 86 74 74 74 74 69 69 69 69 79 79 79 79 73 73 73 73 76 76 76 76 63 63 63 63 84 84 84 84 81 81 81 81 73 73 73 73 76 76 76 76 74 74 74 74 65 65 65 65 63 63 63 63 57 57 57 57 51 51 51 51 58 58 58 58 61 61 61 61 52 52 52 52 45 45 45 45 42 42 42 42 38 38 38 38 32 32 32 32
86 86 86 86 86 86 86 86 74 74 74 74 69 69 69 69 79 79 79 79 73 73 73 73 76 76 76 76 63 63 63 63 84 84 84 84 81 81 81 81 73 73 73 73 76 76 76 76 74 74 74 74 65 65 65 65 63 63 63 63 57 57 57 57 51 51 51 51 58 58 58 58 61 61 61 61 52 52 52 52 45 45 45 45 42 42 42 42 38 38 38 38 32 32 32 32
86 86 86 86 86 86 86 86 74 74 74 74 69 69 69 69 79 79 79 79 73 73 73 73 76 76 76 76 63 63 63 63 84 84 84 84 81 81 81 81 73 73 73 73 76 76 76 76 74 74 74 74 65 65 65 65 63 63 63 63 57 57 57 57 51 51 51 51 58 58 58 58 61 61 61 61 52 52 52 52 45 45 45 45 42 42 42 42 38 38 38 38 32 32 32 32
84 84 84 84 84 84 84 84 76 76 76 76 69 69 69 69 75 75 75 75 74 74 74 74 67 67 67 67 67 67 67 67 89 89 89 89 85 85 85 85 84 84 84 84 82 82 82 82 69 69 69 69 63 63 63 63 61 61 61 61 63 63 63 63 67 67 67 67 67 67 67 67 63 63 63 63 54 54 54 54 46 46 46 46 42 42 42 42 38 38 38 38 34 34 34 34
84 84 84 84 84 84 84 84 76 76 76 76 69 69 69 69 75 75 75 75 74 74 74 74 67 67 67 67 67 67 67 67 89 89 89 89 85 85 85 85 84 84 84 84 82 82 82 82 69 69 69 69 63 63 63 63 61 61 61 61 63 63 63 63 67 67 67 67 67 67 67 67 63 63 63 63 54 54 54 54 46 46 46 46 42 42 42 42 38 38 38 38 34 34 34 34
84 84 84 84 84 84 84 84 76 76 76 76 69 69 69 69 75 75 75 75 74 74 74 74 67 67 67 67 67 67 67 67 89 89 89 89 85 85 85 85 84 84 84 84 82 82 82 82 69 69 69 69 63 63 63 63 61 61 61 61 63 63 63 63 67 67 67 67 67 67 67 67 63 63 63 63 54 54 54 54 46 46 46 46 42 42 42 42 38 38 38 38 34 34 34 34
84 84 84 84 84 84 84 84 76 76 76 76 69 69 69 69 75 75 75 75 74 74 74 74 67 67 67 67 67 67 67 67 89 89 89 89 85 85 85 85 84 84 84 84 82 82 82 82 69 69 69 69 63 63 63 63 61 61 61 61 63 63 63 63 67 67 67 67 67 67 67 67 63 63 63 63 54 54 54 54 46 46 46 46 42 42 42 42 38 38 38 38 34 34 34 34
92 92 92 92 75 75 75 75 74 74 74 74 69 69 69 69 71 71 71 71 78 78 78 78 70 70 70 70 67 67 67 67 89 89 89 89 92 92 92 92 84 84 84 84 77 77 77 77 71 71 71 71 69 69 69 69 63 63 63 63 59 59 59 59 59 59 59 59 62 62 62 62 61 61 61 61 55 55 55 55 47 47 47 47 42 42 42 42 39 39 39 39 38 38 38 38
92 92 92 92 75 75 75 75 74 74 74 74 69 69 69 69 71 71 71 71 78 78 78 78 70 70 70 70 67 67 67 67 89 89 89 89 92 92 92 92 84 84 84 84 77 77 77 77 71 71 71 71 69 69 69 69 63 63 63 63 59 59 59 59 59 59 59 59 62 62 62 62 61 61 61 61 55 55 55 55 47 47 47 47 42 42 42 42 39 39 39 39 38 38 38 38
92 92 92 92 75 75 75 75 74 74 74 74 69 69 69 69 71 71 71 71 78 78 78 78 70 70 70 70 67 67 67 67 89 89 89 89 92 92 92 92 84 84 84 84 77 77 77 77 71 71 71 71 69 69 69 69 63 63 63 63 59 59 59 59 59 59 59 59 62 62 62 62 61 61 61 61 55 55 55 55 47 47 47 47 42 42 42 42 39 39 39 39 38 38 38 38
92 92 92 92 75 75 75 75 74 74 74 74 69 69 69 69 71 71 71 71 78 78 78 78 70 70 70 70 67 67 67 67 89 89 89 89 92 92 92 92 84 84 84 84 77 77 77 77 71 71 71 71 69 69 69 69 63 63 63 63 59 59 59 59 59 59 59 59 62 62 62 62 61 61 61 61 55 55 55 55 47 47 47 47 42 42 42 42 39 39 39 39 38 38 38 38
94 94 94 94 84 84 84 84 73 73 73 73 69 69 69 69 67 67 67 67 75 75 75 75 76 76 76 76 67 67 67 67 84 84 84 84 88 88 88 88 86 86 86 86 74 74 74 74 67 67 67 67 65 65 65 65 63 63 63 63 60 60 60 60 55 55 55 55 57 57 57 57 57 57 57 57 51 51 51 51 48 48 48 48 43 43 43 43 39 39 39 39 38 38 38 38
94 94 94 94 84 84 84 84 73 73 73 73 69 69 69 69 67 67 67 67 75 75 75 75 76 76 76 76 67 67 67 67 84 84 84 84 88 88 88 88 86 86 86 86 74 74 74 74 67 67 67 67 65 65 65 65 63 63 63 63 60 60 60 60 55 55 55 55 57 57 57 57 57 57 57 57 51 51 51 51 48 48 48 48 43 43 43 43 39 39 39 39 38 38 38 38
94 94 94 94 84 84 84 84 73 73 73 73 69 69 69 69 67 67 67 67 75 75 75 75 76 76 76 76 67 67 67 67 84 84 84 84 88 88 88 88 86 86 86 86 74 74 74 74 67 67 67 67 65 65 65 65 63 63 63 63 60 60 60 60 55 55 55 55 57 57 57 57 57 57 57 57 51 51 51 51 48 48 48 48 43 43 43 43 39 39 39 39 38 38 38 38
94 94 94 94 84 84 84 84 73 73 73 73 69 69 69 69 67 67 67 67 75 75 75 75 76 76 76 76 67 67 67 67 84 84 84 84 88 88 88 88 86 86 86 86 74 74 74 74 67 67 67 67 65 65 65 65 63 63 63 63 60 60 60 60 55 55 55 55 57 57 57 57 57 57 57 57 51 51 51 51 48 48 48 48 43 43 43 43 39 39 39 39 38 38 38 38
94 94 94 94 89 89 89 89 81 81 81 81 74 74 74 74 65 65 65 65 71 71 71 71 82 82 82 82 70 70 70 70 78 78 78 78 85 85 85 85 84 84 84 84 73 73 73 73 69 69 69 69 67 67 67 67 62 62 62 62 57 57 57 57 56 56 56 56 48 48 48 48 47 47 47 47 47 47 47 47 45 45 45 45 43 43 43 43 39 39 39 39 38 38 38 38
94 94 94 94 89 89 89 89 81 81 81 81 74 74 74 74 65 65 65 65 71 71 71 71 82 82 82 82 70 70 70 70 78 78 78 78 85 85 85 85 84 84 84 84 73 73 73 73 69 69 69 69 67 67 67 67 62 62 62 62 57 57 57 57 56 56 56 56 48 48 48 48 47 47 47 47 47 47 47 47 45 45 45 45 43 43 43 43 39 39 39 39 38 38 38 38
94 94 94 94 89 89 89 89 81 81 81 81 74 74 74 74 65 65 65 65 71 71 71 71 82 82 82 82 70 70 70 70 78 78 78 78 85 85 85 85 84 84 84 84 73 73 73 73 69 69 69 69 67 67 67 67 62 62 62 62 57 57 57 57 56 56 56 56 48 48 48 48 47 47 47 47 47 47 47 47 45 45 45 45 43 43 43 43 39 39 39 39 38 38 38 38
94 94 94 94 89 89 89 89 81 81 81 81 74 74 74 74 65 65 65 65 71 71 71 71 82 82 82 82 70 70 70 70 78 78 78 78 85 85 85 85 84 84 84 84 73 73 73 73 69 69 69 69 67 67 67 67 62 62 62 62 57 57 57 57 56 56 56 56 48 48 48 48 47 47 47 47 47 47 47 47 45 45 45 45 43 43 43 43 39 39 39 39 38 38 38 38
