Example_case_study_data/Budapest/elevation_budapest_250.asc
ncols         487
nrows         547
xllcorner     4966250
yllcorner     2686500
cellsize      250
NODATA_value  -9999
[rows 57 to 113 of 547, columns 96 to 191 of 487]
130 130 130 130 125 125 125 125 114 114 114 114 99 99 99 99 91 91 91 91 83 83 83 83 79 79 79 79 77 77 77 77 75 75 75 75 75 75 75 75 74 74 74 74 77 77 77 77 75 75 75 75 77 77 77 77 81 81 81 81 79 79 79 79 74 74 74 74 69 69 69 69 65 65 65 65 61 61 61 61 61 61 61 61 73 73 73 73 71 71 71 71 67 67 67 67
130 130 130 130 125 125 125 125 114 114 114 114 99 99 99 99 91 91 91 91 83 83 83 83 79 79 79 79 77 77 77 77 75 75 75 75 75 75 75 75 74 74 74 74 77 77 77 77 75 75 75 75 77 77 77 77 81 81 81 81 79 79 79 79 74 74 74 74 69 69 69 69 65 65 65 65 61 61 61 61 61 61 61 61 73 73 73 73 71 71 71 71 67 67 67 67
130 130 130 130 125 125 125 125 114 114 114 114 99 99 99 99 91 91 91 91 83 83 83 83 79 79 79 79 77 77 77 77 75 75 75 75 75 75 75 75 74 74 74 74 77 77 77 77 75 75 75 75 77 77 77 77 81 81 81 81 79 79 79 79 74 74 74 74 69 69 69 69 65 65 65 65 61 61 61 61 61 61 61 61 73 73 73 73 71 71 71 71 67 67 67 67
123 123 123 123 122 122 122 122 106 106 106 106 89 89 89 89 87 87 87 87 82 82 82 82 77 77 77 77 77 77 77 77 82 82 82 82 74 74 74 74 74 74 74 74 72 72 72 72 76 76 76 76 71 71 71 71 73 73 73 73 82 82 82 82 77 77 77 77 73 73 73 73 66 66 66 66 67 67 67 67 58 58 58 58 61 61 61 61 65 65 65 65 69 69 69 69
123 123 123 123 122 122 122 122 106 106 106 106 89 89 89 89 87 87 87 87 82 82 82 82 77 77 77 77 77 77 77 77 82 82 82 82 74 74 74 74 74 74 74 74 72 72 72 72 76 76 76 76 71 71 71 71 73 73 73 73 82 82 82 82 77 77 77 77 73 73 73 73 66 66 66 66 67 67 67 67 58 58 58 58 61 61 61 61 65 65 65 65 69 69 69 69
123 123 123 123 122 122 122 122 106 106 106 106 89 89 89 89 87 87 87 87 82 82 82 82 77 77 77 77 77 77 77 77 82 82 82 82 74 74 74 74 74 74 74 74 72 72 72 72 76 76 76 76 71 71 71 71 73 73 73 73 82 82 82 82 77 77 77 77 73 73 73 73 66 66 66 66 67 67 67 67 58 58 58 58 61 61 61 61 65 65 65 65 69 69 69 69
123 123 123 123 122 122 122 122 106 106 106 106 89 89 89 89 87 87 87 87 82 82 82 82 77 77 77 77 77 77 77 77 82 82 82 82 74 74 74 74 74 74 74 74 72 72 72 72 76 76 76 76 71 71 71 71 73 73 73 73 82 82 82 82 77 77 77 77 73 73 73 73 66 66 66 66 67 67 67 67 58 58 58 58 61 61 61 61 65 65 65 65 69 69 69 69
114 114 114 114 115 115 115 115 103 103 103 103 94 94 94 94 86 86 86 86 81 81 81 81 82 82 82 82 82 82 82 82 86 86 86 86 83 83 83 83 78 78 78 78 73 73 73 73 74 74 74 74 73 73 73 73 66 66 66 66 76 76 76 76 72 72 72 72 69 69 69 69 67 67 67 67 63 63 63 63 60 60 60 60 58 58 58 58 74 74 74 74 72 72 72 72
114 114 114 114 115 115 115 115 103 103 103 103 94 94 94 94 86 86 86 86 81 81 81 81 82 82 82 82 82 82 82 82 86 86 86 86 83 83 83 83 78 78 78 78 73 73 73 73 74 74 74 74 73 73 73 73 66 66 66 66 76 76 76 76 72 72 72 72 69 69 69 69 67 67 67 67 63 63 63 63 60 60 60 60 58 58 58 58 74 74 74 74 72 72 72 72
114 114 114 114 115 115 115 115 103 103 103 103 94 94 94 94 86 86 86 86 81 81 81 81 82 82 82 82 82 82 82 82 86 86 86 86 83 83 83 83 78 78 78 78 73 73 73 73 74 74 74 74 73 73 73 73 66 66 66 66 76 76 76 76 72 72 72 72 69 69 69 69 67 67 67 67 63 63 63 63 60 60 60 60 58 58 58 58 74 74 74 74 72 72 72 72
114 114 114 114 115 115 115 115 103 103 103 103 94 94 94 94 86 86 86 86 81 81 81 81 82 82 82 82 82 82 82 82 86 86 86 86 83 83 83 83 78 78 78 78 73 73 73 73 74 74 74 74 73 73 73 73 66 66 66 66 76 76 76 76 72 72 72 72 69 69 69 69 67 67 67 67 63 63 63 63 60 60 60 60 58 58 58 58 74 74 74 74 72 72 72 72
108 108 108 108 103 103 103 103 95 95 95 95 90 90 90 90 84 84 84 84 86 86 86 86 87 87 87 87 83 83 83 83 84 84 84 84 89 89 89 89 85 85 85 85 80 80 80 80 87 87 87 87 87 87 87 87 76 76 76 76 77 77 77 77 86 86 86 86 78 78 78 78 69 69 69 69 67 67 67 67 68 68 68 68 67 67 67 67 85 85 85 85 88 88 88 88
108 108 108 108 103 103 103 103 95 95 95 95 90 90 90 90 84 84 84 84 86 86 86 86 87 87 87 87 83 83 83 83 84 84 84 84 89 89 89 89 85 85 85 85 80 80 80 80 87 87 87 87 87 87 87 87 76 76 76 76 77 77 77 77 86 86 86 86 78 78 78 78 69 69 69 69 67 67 67 67 68 68 68 68 67 67 67 67 85 85 85 85 88 88 88 88
108 108 108 108 103 103 103 103 95 95 95 95 90 90 90 90 84 84 84 84 86 86 86 86 87 87 87 87 83 83 83 83 84 84 84 84 89 89 89 89 85 85 85 85 80 80 80 80 87 87 87 87 87 87 87 87 76 76 76 76 77 77 77 77 86 86 86 86 78 78 78 78 69 69 69 69 67 67 67 67 68 68 68 68 67 67 67 67 85 85 85 85 88 88 88 88
108 108 108 108 103 103 103 103 95 95 95 95 90 90 90 90 84 84 84 84 86 86 86 86 87 87 87 87 83 83 83 83 84 84 84 84 89 89 89 89 85 85 85 85 80 80 80 80 87 87 87 87 87 87 87 87 76 76 76 76 77 77 77 77 86 86 86 86 78 78 78 78 69 69 69 69 67 67 67 67 68 68 68 68 67 67 67 67 85 85 85 85 88 88 88 88
102 102 102 102 96 96 96 96 94 94 94 94 91 91 91 91 83 83 83 83 84 84 84 84 89 89 89 89 92 92 92 92 81 81 81 81 81 81 81 81 89 89 89 89 92 92 92 92 83 83 83 83 87 87 87 87 83 83 83 83 82 82 82 82 80 80 80 80 90 90 90 90 96 96 96 96 99 99 99 99 94 94 94 94 94 94 94 94 100 100 100 100 101 101 101 101
102 102 102 102 96 96 96 96 94 94 94 94 91 91 91 91 83 83 83 83 84 84 84 84 89 89 89 89 92 92 92 92 81 81 81 81 81 81 81 81 89 89 89 89 92 92 92 92 83 83 83 83 87 87 87 87 83 83 83 83 82 82 82 82 80 80 80 80 90 90 90 90 96 96 96 96 99 99 99 99 94 94 94 94 94 94 94 94 100 100 100 100 101 101 101 101
102 102 102 102 96 96 96 96 94 94 94 94 91 91 91 91 83 83 83 83 84 84 84 84 89 89 89 89 92 92 92 92 81 81 81 81 81 81 81 81 89 89 89 89 92 92 92 92 83 83 83 83 87 87 87 87 83 83 83 83 82 82 82 82 80 80 80 80 90 90 90 90 96 96 96 96 99 99 99 99 94 94 94 94 94 94 94 94 100 100 100 100 101 101 101 101
102 102 102 102 96 96 96 96 94 94 94 94 91 91 91 91 83 83 83 83 84 84 84 84 89 89 89 89 92 92 92 92 81 81 81 81 81 81 81 81 89 89 89 89 92 92 92 92 83 83 83 83 87 87 87 87 83 83 83 83 82 82 82 82 80 80 80 80 90 90 90 90 96 96 96 96 99 99 99 99 94 94 94 94 94 94 94 94 100 100 100 100 101 101 101 101
94 94 94 94 94 94 94 94 97 97 97 97 95 95 95 95 88 88 88 88 82 82 82 82 81 81 81 81 89 89 89 89 84 84 84 84 87 87 87 87 76 76 76 76 86 86 86 86 84 84 84 84 82 82 82 82 76 76 76 76 82 82 82 82 73 73 73 73 85 85 85 85 105 105 105 105 111 111 111 111 111 111 111 111 106 106 106 106 102 102 102 102 101 101 101 101
94 94 94 94 94 94 94 94 97 97 97 97 95 95 95 95 88 88 88 88 82 82 82 82 81 81 81 81 89 89 89 89 84 84 84 84 87 87 87 87 76 76 76 76 86 86 86 86 84 84 84 84 82 82 82 82 76 76 76 76 82 82 82 82 73 73 73 73 85 85 85 85 105 105 105 105 111 111 111 111 111 111 111 111 106 106 106 106 102 102 102 102 101 101 101 101
94 94 94 94 94 94 94 94 97 97 97 97 95 95 95 95 88 88 88 88 82 82 82 82 81 81 81 81 89 89 89 89 84 84 84 84 87 87 87 87 76 76 76 76 86 86 86 86 84 84 84 84 82 82 82 82 76 76 76 76 82 82 82 82 73 73 73 73 85 85 85 85 105 105 105 105 111 111 111 111 111 111 111 111 106 106 106 106 102 102 102 102 101 101 101 101
94 94 94 94 94 94 94 94 97 97 97 97 95 95 95 95 88 88 88 88 82 82 82 82 81 81 81 81 89 89 89 89 84 84 84 84 87 87 87 87 76 76 76 76 86 86 86 86 84 84 84 84 82 82 82 82 76 76 76 76 82 82 82 82 73 73 73 73 85 85 85 85 105 105 105 105 111 111 111 111 111 111 111 111 106 106 106 106 102 102 102 102 101 101 101 101
89 89 89 89 93 93 93 93 96 96 96 96 92 92 92 92 76 76 76 76 74 74 74 74 75 75 75 75 86 86 86 86 88 88 88 88 89 89 89 89 84 84 84 84 76 76 76 76 77 77 77 77 79 79 79 79 73 73 73 73 71 71 71 71 68 68 68 68 80 80 80 80 91 91 91 91 109 109 109 109 114 114 114 114 110 110 110 110 101 101 101 101 90 90 90 90
89 89 89 89 93 93 93 93 96 96 96 96 92 92 92 92 76 76 76 76 74 74 74 74 75 75 75 75 86 86 86 86 88 88 88 88 89 89 89 89 84 84 84 84 76 76 76 76 77 77 77 77 79 79 79 79 73 73 73 73 71 71 71 71 68 68 68 68 80 80 80 80 91 91 91 91 109 109 109 109 114 114 114 114 110 110 110 110 101 101 101 101 90 90 90 90
89 89 89 89 93 93 93 93 96 96 96 96 92 92 92 92 76 76 76 76 74 74 74 74 75 75 75 75 86 86 86 86 88 88 88 88 89 89 89 89 84 84 84 84 76 76 76 76 77 77 77 77 79 79 79 79 73 73 73 73 71 71 71 71 68 68 68 68 80 80 80 80 91 91 91 91 109 109 109 109 114 114 114 114 110 110 110 110 101 101 101 101 90 90 90 90
89 89 89 89 93 93 93 93 96 96 96 96 92 92 92 92 76 76 76 76 74 74 74 74 75 75 75 75 86 86 86 86 88 88 88 88 89 89 89 89 84 84 84 84 76 76 76 76 77 77 77 77 79 79 79 79 73 73 73 73 71 71 71 71 68 68 68 68 80 80 80 80 91 91 91 91 109 109 109 109 114 114 114 114 110 110 110 110 101 101 101 101 90 90 90 90
88 88 88 88 80 80 80 80 80 80 80 80 71 71 71 71 84 84 84 84 90 90 90 90 82 82 82 82 76 76 76 76 87 87 87 87 94 94 94 94 85 85 85 85 77 77 77 77 75 75 75 75 71 71 71 71 71 71 71 71 89 89 89 89 79 79 79 79 74 74 74 74 83 83 83 83 92 92 92 92 98 98 98 98 106 106 106 106 101 101 101 101 91 91 91 91
88 88 88 88 80 80 80 80 80 80 80 80 71 71 71 71 84 84 84 84 90 90 90 90 82 82 82 82 76 76 76 76 87 87 87 87 94 94 94 94 85 85 85 85 77 77 77 77 75 75 75 75 71 71 71 71 71 71 71 71 89 89 89 89 79 79 79 79 74 74 74 74 83 83 83 83 92 92 92 92 98 98 98 98 106 106 106 106 101 101 101 101 91 91 91 91
88 88 88 88 80 80 80 80 80 80 80 80 71 71 71 71 84 84 84 84 90 90 90 90 82 82 82 82 76 76 76 76 87 87 87 87 94 94 94 94 85 85 85 85 77 77 77 77 75 75 75 75 71 71 71 71 71 71 71 71 89 89 89 89 79 79 79 79 74 74 74 74 83 83 83 83 92 92 92 92 98 98 98 98 106 106 106 106 101 101 101 101 91 91 91 91
88 88 88 88 80 80 80 80 80 80 80 80 71 71 71 71 84 84 84 84 90 90 90 90 82 82 82 82 76 76 76 76 87 87 87 87 94 94 94 94 85 85 85 85 77 77 77 77 75 75 75 75 71 71 71 71 71 71 71 71 89 89 89 89 79 79 79 79 74 74 74 74 83 83 83 83 92 92 92 92 98 98 98 98 106 106 106 106 101 101 101 101 91 91 91 91
76 76 76 76 69 69 69 69 70 70 70 70 67 67 67 67 82 82 82 82 96 96 96 96 91 91 91 91 94 94 94 94 94 94 94 94 94 94 94 94 94 94 94 94 85 85 85 85 87 87 87 87 86 86 86 86 78 78 78 78 80 80 80 80 88 88 88 88 78 78 78 78 83 83 83 83 75 75 75 75 80 80 80 80 91 91 91 91 102 102 102 102 93 93 93 93
76 76 76 76 69 69 69 69 70 70 70 70 67 67 67 67 82 82 82 82 96 96 96 96 91 91 91 91 94 94 94 94 94 94 94 94 94 94 94 94 94 94 94 94 85 85 85 85 87 87 87 87 86 86 86 86 78 78 78 78 80 80 80 80 88 88 88 88 78 78 78 78 83 83 83 83 75 75 75 75 80 80 80 80 91 91 91 91 102 102 102 102 93 93 93 93
76 76 76 76 69 69 69 69 70 70 70 70 67 67 67 67 82 82 82 82 96 96 96 96 91 91 91 91 94 94 94 94 94 94 94 94 94 94 94 94 94 94 94 94 85 85 85 85 87 87 87 87 86 86 86 86 78 78 78 78 80 80 80 80 88 88 88 88 78 78 78 78 83 83 83 83 75 75 75 75 80 80 80 80 91 91 91 91 102 102 102 102 93 93 93 93
76 76 76 76 69 69 69 69 70 70 70 70 67 67 67 67 82 82 82 82 96 96 96 96 91 91 91 91 94 94 94 94 94 94 94 94 94 94 94 94 94 94 94 94 85 85 85 85 87 87 87 87 86 86 86 86 78 78 78 78 80 80 80 80 88 88 88 88 78 78 78 78 83 83 83 83 75 75 75 75 80 80 80 80 91 91 91 91 102 102 102 102 93 93 93 93
82 82 82 82 73 73 73 73 73 73 73 73 82 82 82 82 70 70 70 70 79 79 79 79 73 73 73 73 87 87 87 87 86 86 86 86 85 85 85 85 94 94 94 94 100 100 100 100 94 94 94 94 90 90 90 90 94 94 94 94 91 91 91 91 91 91 91 91 100 100 100 100 102 102 102 102 104 104 104 104 99 99 99 99 90 90 90 90 98 98 98 98 99 99 99 99
82 82 82 82 73 73 73 73 73 73 73 73 82 82 82 82 70 70 70 70 79 79 79 79 73 73 73 73 87 87 87 87 86 86 86 86 85 85 85 85 94 94 94 94 100 100 100 100 94 94 94 94 90 90 90 90 94 94 94 94 91 91 91 91 91 91 91 91 100 100 100 100 102 102 102 102 104 104 104 104 99 99 99 99 90 90 90 90 98 98 98 98 99 99 99 99
82 82 82 82 73 73 73 73 73 73 73 73 82 82 82 82 70 70 70 70 79 79 79 79 73 73 73 73 87 87 87 87 86 86 86 86 85 85 85 85 94 94 94 94 100 100 100 100 94 94 94 94 90 90 90 90 94 94 94 94 91 91 91 91 91 91 91 91 100 100 100 100 102 102 102 102 104 104 104 104 99 99 99 99 90 90 90 90 98 98 98 98 99 99 99 99
82 82 82 82 73 73 73 73 73 73 73 73 82 82 82 82 70 70 70 70 79 79 79 79 73 73 73 73 87 87 87 87 86 86 86 86 85 85 85 85 94 94 94 94 100 100 100 100 94 94 94 94 90 90 90 90 94 94 94 94 91 91 91 91 91 91 91 91 100 100 100 100 102 102 102 102 104 104 104 104 99 99 99 99 90 90 90 90 98 98 98 98 99 99 99 99
84 84 84 84 72 72 72 72 73 73 73 73 81 81 81 81 65 65 65 65 64 64 64 64 87 87 87 87 89 89 89 89 83 83 83 83 80 80 80 80 89 89 89 89 94 94 94 94 100 100 100 100 95 95 95 95 94 94 94 94 97 97 97 97 94 94 94 94 98 98 98 98 99 99 99 99 99 99 99 99 93 93 93 93 89 89 89 89 96 96 96 96 89 89 89 89
84 84 84 84 72 72 72 72 73 73 73 73 81 81 81 81 65 65 65 65 64 64 64 64 87 87 87 87 89 89 89 89 83 83 83 83 80 80 80 80 89 89 89 89 94 94 94 94 100 100 100 100 95 95 95 95 94 94 94 94 97 97 97 97 94 94 94 94 98 98 98 98 99 99 99 99 99 99 99 99 93 93 93 93 89 89 89 89 96 96 96 96 89 89 89 89
84 84 84 84 72 72 72 72 73 73 73 73 81 81 81 81 65 65 65 65 64 64 64 64 87 87 87 87 89 89 89 89 83 83 83 83 80 80 80 80 89 89 89 89 94 94 94 94 100 100 100 100 95 95 95 95 94 94 94 94 97 97 97 97 94 94 94 94 98 98 98 98 99 99 99 99 99 99 99 99 93 93 93 93 89 89 89 89 96 96 96 96 89 89 89 89
84 84 84 84 72 72 72 72 73 73 73 73 81 81 81 81 65 65 65 65 64 64 64 64 87 87 87 87 89 89 89 89 83 83 83 83 80 80 80 80 89 89 89 89 94 94 94 94 100 100 100 100 95 95 95 95 94 94 94 94 97 97 97 97 94 94 94 94 98 98 98 98 99 99 99 99 99 99 99 99 93 93 93 93 89 89 89 89 96 96 96 96 89 89 89 89
94 94 94 94 69 69 69 69 67 67 67 67 70 70 70 70 60 60 60 60 73 73 73 73 86 86 86 86 79 79 79 79 65 65 65 65 85 85 85 85 103 103 103 103 102 102 102 102 99 99 99 99 94 94 94 94 94 94 94 94 101 101 101 101 96 96 96 96 94 94 94 94 97 97 97 97 89 89 89 89 88 88 88 88 85 85 85 85 89 89 89 89 92 92 92 92
94 94 94 94 69 69 69 69 67 67 67 67 70 70 70 70 60 60 60 60 73 73 73 73 86 86 86 86 79 79 79 79 65 65 65 65 85 85 85 85 103 103 103 103 102 102 102 102 99 99 99 99 94 94 94 94 94 94 94 94 101 101 101 101 96 96 96 96 94 94 94 94 97 97 97 97 89 89 89 89 88 88 88 88 85 85 85 85 89 89 89 89 92 92 92 92
94 94 94 94 69 69 69 69 67 67 67 67 70 70 70 70 60 60 60 60 73 73 73 73 86 86 86 86 79 79 79 79 65 65 65 65 85 85 85 85 103 103 103 103 102 102 102 102 99 99 99 99 94 94 94 94 94 94 94 94 101 101 101 101 96 96 96 96 94 94 94 94 97 97 97 97 89 89 89 89 88 88 88 88 85 85 85 85 89 89 89 89 92 92 92 92
94 94 94 94 69 69 69 69 67 67 67 67 70 70 70 70 60 60 60 60 73 73 73 73 86 86 86 86 79 79 79 79 65 65 65 65 85 85 85 85 103 103 103 103 102 102 102 102 99 99 99 99 94 94 94 94 94 94 94 94 101 101 101 101 96 96 96 96 94 94 94 94 97 97 97 97 89 89 89 89 88 88 88 88 85 85 85 85 89 89 89 89 92 92 92 92
82 82 82 82 53 53 53 53 54 54 54 54 51 51 51 51 48 48 48 48 69 69 69 69 76 76 76 76 69 69 69 69 72 72 72 72 85 85 85 85 106 106 106 106 110 110 110 110 111 111 111 111 110 110 110 110 102 102 102 102 94 94 94 94 93 93 93 93 96 96 96 96 90 90 90 90 90 90 90 90 97 97 97 97 88 88 88 88 85 85 85 85 85 85 85 85
82 82 82 82 53 53 53 53 54 54 54 54 51 51 51 51 48 48 48 48 69 69 69 69 76 76 76 76 69 69 69 69 72 72 72 72 85 85 85 85 106 106 106 106 110 110 110 110 111 111 111 111 110 110 110 110 102 102 102 102 94 94 94 94 93 93 93 93 96 96 96 96 90 90 90 90 90 90 90 90 97 97 97 97 88 88 88 88 85 85 85 85 85 85 85 85
82 82 82 82 53 53 53 53 54 54 54 54 51 51 51 51 48 48 48 48 69 69 69 69 76 76 76 76 69 69 69 69 72 72 72 72 85 85 85 85 106 106 106 106 110 110 110 110 111 111 111 111 110 110 110 110 102 102 102 102 94 94 94 94 93 93 93 93 96 96 96 96 90 90 90 90 90 90 90 90 97 97 97 97 88 88 88 88 85 85 85 85 85 85 85 85
82 82 82 82 53 53 53 53 54 54 54 54 51 51 51 51 48 48 48 48 69 69 69 69 76 76 76 76 69 69 69 69 72 72 72 72 85 85 85 85 106 106 106 106 110 110 110 110 111 111 111 111 110 110 110 110 102 102 102 102 94 94 94 94 93 93 93 93 96 96 96 96 90 90 90 90 90 90 90 90 97 97 97 97 88 88 88 88 85 85 85 85 85 85 85 85
41 41 41 41 32 32 32 32 31 31 31 31 32 32 32 32 32 32 32 32 40 40 40 40 57 57 57 57 70 70 70 70 73 73 73 73 83 83 83 83 88 88 88 88 94 94 94 94 103 103 103 103 106 106 106 106 95 95 95 95 79 79 79 79 74 74 74 74 83 83 83 83 93 93 93 93 96 96 96 96 102 102 102 102 94 94 94 94 94 94 94 94 89 89 89 89
41 41 41 41 32 32 32 32 31 31 31 31 32 32 32 32 32 32 32 32 40 40 40 40 57 57 57 57 70 70 70 70 73 73 73 73 83 83 83 83 88 88 88 88 94 94 94 94 103 103 103 103 106 106 106 106 95 95 95 95 79 79 79 79 74 74 74 74 83 83 83 83 93 93 93 93 96 96 96 96 102 102 102 102 94 94 94 94 94 94 94 94 89 89 89 89
41 41 41 41 32 32 32 32 31 31 31 31 32 32 32 32 32 32 32 32 40 40 40 40 57 57 57 57 70 70 70 70 73 73 73 73 83 83 83 83 88 88 88 88 94 94 94 94 103 103 103 103 106 106 106 106 95 95 95 95 79 79 79 79 74 74 74 74 83 83 83 83 93 93 93 93 96 96 96 96 102 102 102 102 94 94 94 94 94 94 94 94 89 89 89 89
41 41 41 41 32 32 32 32 31 31 31 31 32 32 32 32 32 32 32 32 40 40 40 40 57 57 57 57 70 70 70 70 73 73 73 73 83 83 83 83 88 88 88 88 94 94 94 94 103 103 103 103 106 106 106 106 95 95 95 95 79 79 79 79 74 74 74 74 83 83 83 83 93 93 93 93 96 96 96 96 102 102 102 102 94 94 94 94 94 94 94 94 89 89 89 89
28 28 28 28 31 31 31 31 30 30 30 30 31 31 31 31 30 30 30 30 33 33 33 33 34 34 34 34 44 44 44 44 51 51 51 51 64 64 64 64 63 63 63 63 77 77 77 77 81 81 81 81 89 89 89 89 77 77 77 77 74 74 74 74 73 73 73 73 62 62 62 62 79 79 79 79 72 72 72 72 86 86 86 86 91 91 91 91 89 89 89 89 85 85 85 85
28 28 28 28 31 31 31 31 30 30 30 30 31 31 31 31 30 30 30 30 33 33 33 33 34 34 34 34 44 44 44 44 51 51 51 51 64 64 64 64 63 63 63 63 77 77 77 77 81 81 81 81 89 89 89 89 77 77 77 77 74 74 74 74 73 73 73 73 62 62 62 62 79 79 79 79 72 72 72 72 86 86 86 86 91 91 91 91 89 89 89 89 85 85 85 85
