Example_case_study_data/Budapest/elevation_budapest_250.asc
ncols         487
nrows         547
xllcorner     4966250
yllcorner     2686500
cellsize      250
NODATA_value  -9999
[rows 114 to 170 of 547, columns 192 to 287 of 487]
78 78 78 78 71 71 71 71 87 87 87 87 77 77 77 77 67 67 67 67 63 63 63 63 62 62 62 62 69 69 69 69 81 81 81 81 86 86 86 86 80 80 80 80 75 75 75 75 83 83 83 83 84 84 84 84 92 92 92 92 71 71 71 71 63 63 63 63 57 57 57 57 67 67 67 67 75 75 75 75 65 65 65 65 51 51 51 51 67 67 67 67 62 62 62 62
78 78 78 78 71 71 71 71 87 87 87 87 77 77 77 77 67 67 67 67 63 63 63 63 62 62 62 62 69 69 69 69 81 81 81 81 86 86 86 86 80 80 80 80 75 75 75 75 83 83 83 83 84 84 84 84 92 92 92 92 71 71 71 71 63 63 63 63 57 57 57 57 67 67 67 67 75 75 75 75 65 65 65 65 51 51 51 51 67 67 67 67 62 62 62 62
79 79 79 79 71 71 71 71 69 69 69 69 67 67 67 67 65 65 65 65 60 60 60 60 58 58 58 58 72 72 72 72 85 85 85 85 80 80 80 80 77 77 77 77 81 81 81 81 73 73 73 73 75 75 75 75 80 80 80 80 77 77 77 77 72 72 72 72 61 61 61 61 55 55 55 55 73 73 73 73 63 63 63 63 51 51 51 51 58 58 58 58 59 59 59 59
79 79 79 79 71 71 71 71 69 69 69 69 67 67 67 67 65 65 65 65 60 60 60 60 58 58 58 58 72 72 72 72 85 85 85 85 80 80 80 80 77 77 77 77 81 81 81 81 73 73 73 73 75 75 75 75 80 80 80 80 77 77 77 77 72 72 72 72 61 61 61 61 55 55 55 55 73 73 73 73 63 63 63 63 51 51 51 51 58 58 58 58 59 59 59 59
79 79 79 79 71 71 71 71 69 69 69 69 67 67 67 67 65 65 65 65 60 60 60 60 58 58 58 58 72 72 72 72 85 85 85 85 80 80 80 80 77 77 77 77 81 81 81 81 73 73 73 73 75 75 75 75 80 80 80 80 77 77 77 77 72 72 72 72 61 61 61 61 55 55 55 55 73 73 73 73 63 63 63 63 51 51 51 51 58 58 58 58 59 59 59 59
79 79 79 79 71 71 71 71 69 69 69 69 67 67 67 67 65 65 65 65 60 60 60 60 58 58 58 58 72 72 72 72 85 85 85 85 80 80 80 80 77 77 77 77 81 81 81 81 73 73 73 73 75 75 75 75 80 80 80 80 77 77 77 77 72 72 72 72 61 61 61 61 55 55 55 55 73 73 73 73 63 63 63 63 51 51 51 51 58 58 58 58 59 59 59 59
85 85 85 85 86 86 86 86 73 73 73 73 61 61 61 61 61 61 61 61 58 58 58 58 58 58 58 58 74 74 74 74 84 84 84 84 80 80 80 80 75 75 75 75 75 75 75 75 66 66 66 66 63 63 63 63 77 77 77 77 74 74 74 74 74 74 74 74 63 63 63 63 51 51 51 51 61 61 61 61 61 61 61 61 52 52 52 52 48 48 48 48 58 58 58 58
85 85 85 85 86 86 86 86 73 73 73 73 61 61 61 61 61 61 61 61 58 58 58 58 58 58 58 58 74 74 74 74 84 84 84 84 80 80 80 80 75 75 75 75 75 75 75 75 66 66 66 66 63 63 63 63 77 77 77 77 74 74 74 74 74 74 74 74 63 63 63 63 51 51 51 51 61 61 61 61 61 61 61 61 52 52 52 52 48 48 48 48 58 58 58 58
85 85 85 85 86 86 86 86 73 73 73 73 61 61 61 61 61 61 61 61 58 58 58 58 58 58 58 58 74 74 74 74 84 84 84 84 80 80 80 80 75 75 75 75 75 75 75 75 66 66 66 66 63 63 63 63 77 77 77 77 74 74 74 74 74 74 74 74 63 63 63 63 51 51 51 51 61 61 61 61 61 61 61 61 52 52 52 52 48 48 48 48 58 58 58 58
85 85 85 85 86 86 86 86 73 73 73 73 61 61 61 61 61 61 61 61 58 58 58 58 58 58 58 58 74 74 74 74 84 84 84 84 80 80 80 80 75 75 75 75 75 75 75 75 66 66 66 66 63 63 63 63 77 77 77 77 74 74 74 74 74 74 74 74 63 63 63 63 51 51 51 51 61 61 61 61 61 61 61 61 52 52 52 52 48 48 48 48 58 58 58 58
93 93 93 93 88 88 88 88 79 79 79 79 63 63 63 63 58 58 58 58 58 58 58 58 60 60 60 60 76 76 76 76 80 80 80 80 74 74 74 74 81 81 81 81 74 74 74 74 68 68 68 68 60 60 60 60 65 65 65 65 72 72 72 72 65 65 65 65 65 65 65 65 56 56 56 56 48 48 48 48 55 55 55 55 50 50 50 50 48 48 48 48 56 56 56 56
93 93 93 93 88 88 88 88 79 79 79 79 63 63 63 63 58 58 58 58 58 58 58 58 60 60 60 60 76 76 76 76 80 80 80 80 74 74 74 74 81 81 81 81 74 74 74 74 68 68 68 68 60 60 60 60 65 65 65 65 72 72 72 72 65 65 65 65 65 65 65 65 56 56 56 56 48 48 48 48 55 55 55 55 50 50 50 50 48 48 48 48 56 56 56 56
93 93 93 93 88 88 88 88 79 79 79 79 63 63 63 63 58 58 58 58 58 58 58 58 60 60 60 60 76 76 76 76 80 80 80 80 74 74 74 74 81 81 81 81 74 74 74 74 68 68 68 68 60 60 60 60 65 65 65 65 72 72 72 72 65 65 65 65 65 65 65 65 56 56 56 56 48 48 48 48 55 55 55 55 50 50 50 50 48 48 48 48 56 56 56 56
93 93 93 93 88 88 88 88 79 79 79 79 63 63 63 63 58 58 58 58 58 58 58 58 60 60 60 60 76 76 76 76 80 80 80 80 74 74 74 74 81 81 81 81 74 74 74 74 68 68 68 68 60 60 60 60 65 65 65 65 72 72 72 72 65 65 65 65 65 65 65 65 56 56 56 56 48 48 48 48 55 55 55 55 50 50 50 50 48 48 48 48 56 56 56 56
99 99 99 99 92 92 92 92 77 77 77 77 63 63 63 63 53 53 53 53 62 62 62 62 66 66 66 66 87 87 87 87 80 80 80 80 67 67 67 67 69 69 69 69 68 68 68 68 67 67 67 67 60 60 60 60 56 56 56 56 70 70 70 70 61 61 61 61 67 67 67 67 60 60 60 60 48 48 48 48 46 46 46 46 46 46 46 46 51 51 51 51 54 54 54 54
99 99 99 99 92 92 92 92 77 77 77 77 63 63 63 63 53 53 53 53 62 62 62 62 66 66 66 66 87 87 87 87 80 80 80 80 67 67 67 67 69 69 69 69 68 68 68 68 67 67 67 67 60 60 60 60 56 56 56 56 70 70 70 70 61 61 61 61 67 67 67 67 60 60 60 60 48 48 48 48 46 46 46 46 46 46 46 46 51 51 51 51 54 54 54 54
99 99 99 99 92 92 92 92 77 77 77 77 63 63 63 63 53 53 53 53 62 62 62 62 66 66 66 66 87 87 87 87 80 80 80 80 67 67 67 67 69 69 69 69 68 68 68 68 67 67 67 67 60 60 60 60 56 56 56 56 70 70 70 70 61 61 61 61 67 67 67 67 60 60 60 60 48 48 48 48 46 46 46 46 46 46 46 46 51 51 51 51 54 54 54 54
99 99 99 99 92 92 92 92 77 77 77 77 63 63 63 63 53 53 53 53 62 62 62 62 66 66 66 66 87 87 87 87 80 80 80 80 67 67 67 67 69 69 69 69 68 68 68 68 67 67 67 67 60 60 60 60 56 56 56 56 70 70 70 70 61 61 61 61 67 67 67 67 60 60 60 60 48 48 48 48 46 46 46 46 46 46 46 46 51 51 51 51 54 54 54 54
95 95 95 95 84 84 84 84 76 76 76 76 63 63 63 63 51 51 51 51 72 72 72 72 89 89 89 89 88 88 88 88 82 82 82 82 69 69 69 69 63 63 63 63 59 59 59 59 61 61 61 61 61 61 61 61 51 51 51 51 72 72 72 72 58 58 58 58 63 63 63 63 61 61 61 61 51 51 51 51 43 43 43 43 50 50 50 50 52 52 52 52 50 50 50 50
95 95 95 95 84 84 84 84 76 76 76 76 63 63 63 63 51 51 51 51 72 72 72 72 89 89 89 89 88 88 88 88 82 82 82 82 69 69 69 69 63 63 63 63 59 59 59 59 61 61 61 61 61 61 61 61 51 51 51 51 72 72 72 72 58 58 58 58 63 63 63 63 61 61 61 61 51 51 51 51 43 43 43 43 50 50 50 50 52 52 52 52 50 50 50 50
95 95 95 95 84 84 84 84 76 76 76 76 63 63 63 63 51 51 51 51 72 72 72 72 89 89 89 89 88 88 88 88 82 82 82 82 69 69 69 69 63 63 63 63 59 59 59 59 61 61 61 61 61 61 61 61 51 51 51 51 72 72 72 72 58 58 58 58 63 63 63 63 61 61 61 61 51 51 51 51 43 43 43 43 50 50 50 50 52 52 52 52 50 50 50 50
95 95 95 95 84 84 84 84 76 76 76 76 63 63 63 63 51 51 51 51 72 72 72 72 89 89 89 89 88 88 88 88 82 82 82 82 69 69 69 69 63 63 63 63 59 59 59 59 61 61 61 61 61 61 61 61 51 51 51 51 72 72 72 72 58 58 58 58 63 63 63 63 61 61 61 61 51 51 51 51 43 43 43 43 50 50 50 50 52 52 52 52 50 50 50 50
74 74 74 74 77 77 77 77 66 66 66 66 63 63 63 63 50 50 50 50 73 73 73 73 94 94 94 94 89 89 89 89 82 82 82 82 75 75 75 75 71 71 71 71 69 69 69 69 63 63 63 63 57 57 57 57 51 51 51 51 77 77 77 77 68 68 68 68 57 57 57 57 56 56 56 56 52 52 52 52 45 45 45 45 48 48 48 48 51 51 51 51 48 48 48 48
74 74 74 74 77 77 77 77 66 66 66 66 63 63 63 63 50 50 50 50 73 73 73 73 94 94 94 94 89 89 89 89 82 82 82 82 75 75 75 75 71 71 71 71 69 69 69 69 63 63 63 63 57 57 57 57 51 51 51 51 77 77 77 77 68 68 68 68 57 57 57 57 56 56 56 56 52 52 52 52 45 45 45 45 48 48 48 48 51 51 51 51 48 48 48 48
74 74 74 74 77 77 77 77 66 66 66 66 63 63 63 63 50 50 50 50 73 73 73 73 94 94 94 94 89 89 89 89 82 82 82 82 75 75 75 75 71 71 71 71 69 69 69 69 63 63 63 63 57 57 57 57 51 51 51 51 77 77 77 77 68 68 68 68 57 57 57 57 56 56 56 56 52 52 52 52 45 45 45 45 48 48 48 48 51 51 51 51 48 48 48 48
74 74 74 74 77 77 77 77 66 66 66 66 63 63 63 63 50 50 50 50 73 73 73 73 94 94 94 94 89 89 89 89 82 82 82 82 75 75 75 75 71 71 71 71 69 69 69 69 63 63 63 63 57 57 57 57 51 51 51 51 77 77 77 77 68 68 68 68 57 57 57 57 56 56 56 56 52 52 52 52 45 45 45 45 48 48 48 48 51 51 51 51 48 48 48 48
84 84 84 84 85 85 85 85 80 80 80 80 67 67 67 67 52 52 52 52 69 69 69 69 92 92 92 92 89 89 89 89 88 88 88 88 89 89 89 89 85 85 85 85 82 82 82 82 64 64 64 64 56 56 56 56 48 48 48 48 66 66 66 66 69 69 69 69 61 61 61 61 52 52 52 52 51 51 51 51 44 44 44 44 43 43 43 43 49 49 49 49 47 47 47 47
84 84 84 84 85 85 85 85 80 80 80 80 67 67 67 67 52 52 52 52 69 69 69 69 92 92 92 92 89 89 89 89 88 88 88 88 89 89 89 89 85 85 85 85 82 82 82 82 64 64 64 64 56 56 56 56 48 48 48 48 66 66 66 66 69 69 69 69 61 61 61 61 52 52 52 52 51 51 51 51 44 44 44 44 43 43 43 43 49 49 49 49 47 47 47 47
84 84 84 84 85 85 85 85 80 80 80 80 67 67 67 67 52 52 52 52 69 69 69 69 92 92 92 92 89 89 89 89 88 88 88 88 89 89 89 89 85 85 85 85 82 82 82 82 64 64 64 64 56 56 56 56 48 48 48 48 66 66 66 66 69 69 69 69 61 61 61 61 52 52 52 52 51 51 51 51 44 44 44 44 43 43 43 43 49 49 49 49 47 47 47 47
84 84 84 84 85 85 85 85 80 80 80 80 67 67 67 67 52 52 52 52 69 69 69 69 92 92 92 92 89 89 89 89 88 88 88 88 89 89 89 89 85 85 85 85 82 82 82 82 64 64 64 64 56 56 56 56 48 48 48 48 66 66 66 66 69 69 69 69 61 61 61 61 52 52 52 52 51 51 51 51 44 44 44 44 43 43 43 43 49 49 49 49 47 47 47 47
80 80 80 80 89 89 89 89 74 74 74 74 66 66 66 66 60 60 60 60 59 59 59 59 76 76 76 76 82 82 82 82 84 84 84 84 93 93 93 93 87 87 87 87 79 79 79 79 77 77 77 77 63 63 63 63 46 46 46 46 60 60 60 60 63 63 63 63 64 64 64 64 57 57 57 57 54 54 54 54 48 48 48 48 41 41 41 41 44 44 44 44 47 47 47 47
80 80 80 80 89 89 89 89 74 74 74 74 66 66 66 66 60 60 60 60 59 59 59 59 76 76 76 76 82 82 82 82 84 84 84 84 93 93 93 93 87 87 87 87 79 79 79 79 77 77 77 77 63 63 63 63 46 46 46 46 60 60 60 60 63 63 63 63 64 64 64 64 57 57 57 57 54 54 54 54 48 48 48 48 41 41 41 41 44 44 44 44 47 47 47 47
80 80 80 80 89 89 89 89 74 74 74 74 66 66 66 66 60 60 60 60 59 59 59 59 76 76 76 76 82 82 82 82 84 84 84 84 93 93 93 93 87 87 87 87 79 79 79 79 77 77 77 77 63 63 63 63 46 46 46 46 60 60 60 60 63 63 63 63 64 64 64 64 57 57 57 57 54 54 54 54 48 48 48 48 41 41 41 41 44 44 44 44 47 47 47 47
80 80 80 80 89 89 89 89 74 74 74 74 66 66 66 66 60 60 60 60 59 59 59 59 76 76 76 76 82 82 82 82 84 84 84 84 93 93 93 93 87 87 87 87 79 79 79 79 77 77 77 77 63 63 63 63 46 46 46 46 60 60 60 60 63 63 63 63 64 64 64 64 57 57 57 57 54 54 54 54 48 48 48 48 41 41 41 41 44 44 44 44 47 47 47 47
76 76 76 76 82 82 82 82 88 88 88 88 70 70 70 70 58 58 58 58 52 52 52 52 70 70 70 70 63 63 63 63 74 74 74 74 93 93 93 93 89 89 89 89 74 74 74 74 63 63 63 63 62 62 62 62 62 62 62 62 55 55 55 55 48 48 48 48 55 55 55 55 57 57 57 57 51 51 51 51 48 48 48 48 46 46 46 46 40 40 40 40 46 46 46 46
76 76 76 76 82 82 82 82 88 88 88 88 70 70 70 70 58 58 58 58 52 52 52 52 70 70 70 70 63 63 63 63 74 74 74 74 93 93 93 93 89 89 89 89 74 74 74 74 63 63 63 63 62 62 62 62 62 62 62 62 55 55 55 55 48 48 48 48 55 55 55 55 57 57 57 57 51 51 51 51 48 48 48 48 46 46 46 46 40 40 40 40 46 46 46 46
76 76 76 76 82 82 82 82 88 88 88 88 70 70 70 70 58 58 58 58 52 52 52 52 70 70 70 70 63 63 63 63 74 74 74 74 93 93 93 93 89 89 89 89 74 74 74 74 63 63 63 63 62 62 62 62 62 62 62 62 55 55 55 55 48 48 48 48 55 55 55 55 57 57 57 57 51 51 51 51 48 48 48 48 46 46 46 46 40 40 40 40 46 46 46 46
76 76 76 76 82 82 82 82 88 88 88 88 70 70 70 70 58 58 58 58 52 52 52 52 70 70 70 70 63 63 63 63 74 74 74 74 93 93 93 93 89 89 89 89 74 74 74 74 63 63 63 63 62 62 62 62 62 62 62 62 55 55 55 55 48 48 48 48 55 55 55 55 57 57 57 57 51 51 51 51 48 48 48 48 46 46 46 46 40 40 40 40 46 46 46 46
73 73 73 73 71 71 71 71 87 87 87 87 76 76 76 76 61 61 61 61 49 49 49 49 69 69 69 69 59 59 59 59 63 63 63 63 78 78 78 78 89 89 89 89 85 85 85 85 81 81 81 81 78 78 78 78 68 68 68 68 58 58 58 58 59 59 59 59 45 45 45 45 45 45 45 45 51 51 51 51 48 48 48 48 47 47 47 47 44 44 44 44 42 42 42 42
73 73 73 73 71 71 71 71 87 87 87 87 76 76 76 76 61 61 61 61 49 49 49 49 69 69 69 69 59 59 59 59 63 63 63 63 78 78 78 78 89 89 89 89 85 85 85 85 81 81 81 81 78 78 78 78 68 68 68 68 58 58 58 58 59 59 59 59 45 45 45 45 45 45 45 45 51 51 51 51 48 48 48 48 47 47 47 47 44 44 44 44 42 42 42 42
73 73 73 73 71 71 71 71 87 87 87 87 76 76 76 76 61 61 61 61 49 49 49 49 69 69 69 69 59 59 59 59 63 63 63 63 78 78 78 78 89 89 89 89 85 85 85 85 81 81 81 81 78 78 78 78 68 68 68 68 58 58 58 58 59 59 59 59 45 45 45 45 45 45 45 45 51 51 51 51 48 48 48 48 47 47 47 47 44 44 44 44 42 42 42 42
73 73 73 73 71 71 71 71 87 87 87 87 76 76 76 76 61 61 61 61 49 49 49 49 69 69 69 69 59 59 59 59 63 63 63 63 78 78 78 78 89 89 89 89 85 85 85 85 81 81 81 81 78 78 78 78 68 68 68 68 58 58 58 58 59 59 59 59 45 45 45 45 45 45 45 45 51 51 51 51 48 48 48 48 47 47 47 47 44 44 44 44 42 42 42 42
67 67 67 67 69 69 69 69 69 69 69 69 79 79 79 79 62 62 62 62 47 47 47 47 63 63 63 63 57 57 57 57 65 65 65 65 76 76 76 76 84 84 84 84 85 85 85 85 79 79 79 79 69 69 69 69 65 65 65 65 59 59 59 59 63 63 63 63 57 57 57 57 45 45 45 45 42 42 42 42 46 46 46 46 45 45 45 45 44 44 44 44 40 40 40 40
67 67 67 67 69 69 69 69 69 69 69 69 79 79 79 79 62 62 62 62 47 47 47 47 63 63 63 63 57 57 57 57 65 65 65 65 76 76 76 76 84 84 84 84 85 85 85 85 79 79 79 79 69 69 69 69 65 65 65 65 59 59 59 59 63 63 63 63 57 57 57 57 45 45 45 45 42 42 42 42 46 46 46 46 45 45 45 45 44 44 44 44 40 40 40 40
67 67 67 67 69 69 69 69 69 69 69 69 79 79 79 79 62 62 62 62 47 47 47 47 63 63 63 63 57 57 57 57 65 65 65 65 76 76 76 76 84 84 84 84 85 85 85 85 79 79 79 79 69 69 69 69 65 65 65 65 59 59 59 59 63 63 63 63 57 57 57 57 45 45 45 45 42 42 42 42 46 46 46 46 45 45 45 45 44 44 44 44 40 40 40 40
67 67 67 67 69 69 69 69 69 69 69 69 79 79 79 79 62 62 62 62 47 47 47 47 63 63 63 63 57 57 57 57 65 65 65 65 76 76 76 76 84 84 84 84 85 85 85 85 79 79 79 79 69 69 69 69 65 65 65 65 59 59 59 59 63 63 63 63 57 57 57 57 45 45 45 45 42 42 42 42 46 46 46 46 45 45 45 45 44 44 44 44 40 40 40 40
69 69 69 69 68 68 68 68 68 68 68 68 67 67 67 67 63 63 63 63 48 48 48 48 51 51 51 51 51 51 51 51 73 73 73 73 89 89 89 89 88 88 88 88 76 76 76 76 91 91 91 91 83 83 83 83 76 76 76 76 71 71 71 71 68 68 68 68 63 63 63 63 57 57 57 57 47 47 47 47 42 42 42 42 43 43 43 43 43 43 43 43 41 41 41 41
69 69 69 69 68 68 68 68 68 68 68 68 67 67 67 67 63 63 63 63 48 48 48 48 51 51 51 51 51 51 51 51 73 73 73 73 89 89 89 89 88 88 88 88 76 76 76 76 91 91 91 91 83 83 83 83 76 76 76 76 71 71 71 71 68 68 68 68 63 63 63 63 57 57 57 57 47 47 47 47 42 42 42 42 43 43 43 43 43 43 43 43 41 41 41 41
69 69 69 69 68 68 68 68 68 68 68 68 67 67 67 67 63 63 63 63 48 48 48 48 51 51 51 51 51 51 51 51 73 73 73 73 89 89 89 89 88 88 88 88 76 76 76 76 91 91 91 91 83 83 83 83 76 76 76 76 71 71 71 71 68 68 68 68 63 63 63 63 57 57 57 57 47 47 47 47 42 42 42 42 43 43 43 43 43 43 43 43 41 41 41 41
69 69 69 69 68 68 68 68 68 68 68 68 67 67 67 67 63 63 63 63 48 48 48 48 51 51 51 51 51 51 51 51 73 73 73 73 89 89 89 89 88 88 88 88 76 76 76 76 91 91 91 91 83 83 83 83 76 76 76 76 71 71 71 71 68 68 68 68 63 63 63 63 57 57 57 57 47 47 47 47 42 42 42 42 43 43 43 43 43 43 43 43 41 41 41 41
74 74 74 74 77 77 77 77 73 73 73 73 61 61 61 61 60 60 60 60 49 49 49 49 45 45 45 45 48 48 48 48 70 70 70 70 92 92 92 92 88 88 88 88 72 72 72 72 84 84 84 84 82 82 82 82 75 75 75 75 69 69 69 69 64 64 64 64 60 60 60 60 51 51 51 51 48 48 48 48 44 44 44 44 41 41 41 41 40 40 40 40 42 42 42 42
74 74 74 74 77 77 77 77 73 73 73 73 61 61 61 61 60 60 60 60 49 49 49 49 45 45 45 45 48 48 48 48 70 70 70 70 92 92 92 92 88 88 88 88 72 72 72 72 84 84 84 84 82 82 82 82 75 75 75 75 69 69 69 69 64 64 64 64 60 60 60 60 51 51 51 51 48 48 48 48 44 44 44 44 41 41 41 41 40 40 40 40 42 42 42 42
74 74 74 74 77 77 77 77 73 73 73 73 61 61 61 61 60 60 60 60 49 49 49 49 45 45 45 45 48 48 48 48 70 70 70 70 92 92 92 92 88 88 88 88 72 72 72 72 84 84 84 84 82 82 82 82 75 75 75 75 69 69 69 69 64 64 64 64 60 60 60 60 51 51 51 51 48 48 48 48 44 44 44 44 41 41 41 41 40 40 40 40 42 42 42 42
74 74 74 74 77 77 77 77 73 73 73 73 61 61 61 61 60 60 60 60 49 49 49 49 45 45 45 45 48 48 48 48 70 70 70 70 92 92 92 92 88 88 88 88 72 72 72 72 84 84 84 84 82 82 82 82 75 75 75 75 69 69 69 69 64 64 64 64 60 60 60 60 51 51 51 51 48 48 48 48 44 44 44 44 41 41 41 41 40 40 40 40 42 42 42 42
80 80 80 80 80 80 80 80 86 86 86 86 71 71 71 71 67 67 67 67 61 61 61 61 48 48 48 48 45 45 45 45 72 72 72 72 74 74 74 74 87 87 87 87 71 71 71 71 69 69 69 69 77 77 77 77 74 74 74 74 74 74 74 74 66 66 66 66 61 61 61 61 52 52 52 52 48 48 48 48 46 46 46 46 45 45 45 45 42 42 42 42 45 45 45 45
80 80 80 80 80 80 80 80 86 86 86 86 71 71 71 71 67 67 67 67 61 61 61 61 48 48 48 48 45 45 45 45 72 72 72 72 74 74 74 74 87 87 87 87 71 71 71 71 69 69 69 69 77 77 77 77 74 74 74 74 74 74 74 74 66 66 66 66 61 61 61 61 52 52 52 52 48 48 48 48 46 46 46 46 45 45 45 45 42 42 42 42 45 45 45 45
80 80 80 80 80 80 80 80 86 86 86 86 71 71 71 71 67 67 67 67 61 61 61 61 48 48 48 48 45 45 45 45 72 72 72 72 74 74 74 74 87 87 87 87 71 71 71 71 69 69 69 69 77 77 77 77 74 74 74 74 74 74 74 74 66 66 66 66 61 61 61 61 52 52 52 52 48 48 48 48 46 46 46 46 45 45 45 45 42 42 42 42 45 45 45 45
