Example_case_study_data/Budapest/elevation_budapest_250.asc
ncols         487
nrows         547
xllcorner     4966250
yllcorner     2686500
cellsize      250
NODATA_value  -9999
[rows 0 to 56 of 547, columns 192 to 287 of 487]
53 53 53 53 51 51 51 51 49 49 49 49 51 51 51 51 50 50 50 50 49 49 49 49 48 48 48 48 49 49 49 49 47 47 47 47 61 61 61 61 65 65 65 65 70 70 70 70 63 63 63 63 70 70 70 70 71 71 71 71 67 67 67 67 63 63 63 63 56 56 56 56 51 51 51 51 67 67 67 67 81 81 81 81 91 91 91 91 82 82 82 82 74 74 74 74
53 53 53 53 51 51 51 51 49 49 49 49 51 51 51 51 50 50 50 50 49 49 49 49 48 48 48 48 49 49 49 49 47 47 47 47 61 61 61 61 65 65 65 65 70 70 70 70 63 63 63 63 70 70 70 70 71 71 71 71 67 67 67 67 63 63 63 63 56 56 56 56 51 51 51 51 67 67 67 67 81 81 81 81 91 91 91 91 82 82 82 82 74 74 74 74
53 53 53 53 51 51 51 51 49 49 49 49 51 51 51 51 50 50 50 50 49 49 49 49 48 48 48 48 49 49 49 49 47 47 47 47 61 61 61 61 65 65 65 65 70 70 70 70 63 63 63 63 70 70 70 70 71 71 71 71 67 67 67 67 63 63 63 63 56 56 56 56 51 51 51 51 67 67 67 67 81 81 81 81 91 91 91 91 82 82 82 82 74 74 74 74
53 53 53 53 51 51 51 51 49 49 49 49 51 51 51 51 50 50 50 50 49 49 49 49 48 48 48 48 49 49 49 49 47 47 47 47 61 61 61 61 65 65 65 65 70 70 70 70 63 63 63 63 70 70 70 70 71 71 71 71 67 67 67 67 63 63 63 63 56 56 56 56 51 51 51 51 67 67 67 67 81 81 81 81 91 91 91 91 82 82 82 82 74 74 74 74
58 58 58 58 57 57 57 57 55 55 55 55 54 54 54 54 60 60 60 60 63 63 63 63 64 64 64 64 57 57 57 57 50 50 50 50 65 65 65 65 73 73 73 73 74 74 74 74 74 74 74 74 69 69 69 69 70 70 70 70 63 63 63 63 64 64 64 64 58 58 58 58 57 57 57 57 63 63 63 63 88 88 88 88 94 94 94 94 88 88 88 88 82 82 82 82
58 58 58 58 57 57 57 57 55 55 55 55 54 54 54 54 60 60 60 60 63 63 63 63 64 64 64 64 57 57 57 57 50 50 50 50 65 65 65 65 73 73 73 73 74 74 74 74 74 74 74 74 69 69 69 69 70 70 70 70 63 63 63 63 64 64 64 64 58 58 58 58 57 57 57 57 63 63 63 63 88 88 88 88 94 94 94 94 88 88 88 88 82 82 82 82
58 58 58 58 57 57 57 57 55 55 55 55 54 54 54 54 60 60 60 60 63 63 63 63 64 64 64 64 57 57 57 57 50 50 50 50 65 65 65 65 73 73 73 73 74 74 74 74 74 74 74 74 69 69 69 69 70 70 70 70 63 63 63 63 64 64 64 64 58 58 58 58 57 57 57 57 63 63 63 63 88 88 88 88 94 94 94 94 88 88 88 88 82 82 82 82
58 58 58 58 57 57 57 57 55 55 55 55 54 54 54 54 60 60 60 60 63 63 63 63 64 64 64 64 57 57 57 57 50 50 50 50 65 65 65 65 73 73 73 73 74 74 74 74 74 74 74 74 69 69 69 69 70 70 70 70 63 63 63 63 64 64 64 64 58 58 58 58 57 57 57 57 63 63 63 63 88 88 88 88 94 94 94 94 88 88 88 88 82 82 82 82
61 61 61 61 60 60 60 60 55 55 55 55 61 61 61 61 73 73 73 73 73 73 73 73 68 68 68 68 61 61 61 61 55 55 55 55 58 58 58 58 69 69 69 69 76 76 76 76 84 84 84 84 77 77 77 77 71 71 71 71 63 63 63 63 58 58 58 58 58 58 58 58 60 60 60 60 63 63 63 63 82 82 82 82 89 89 89 89 94 94 94 94 92 92 92 92
61 61 61 61 60 60 60 60 55 55 55 55 61 61 61 61 73 73 73 73 73 73 73 73 68 68 68 68 61 61 61 61 55 55 55 55 58 58 58 58 69 69 69 69 76 76 76 76 84 84 84 84 77 77 77 77 71 71 71 71 63 63 63 63 58 58 58 58 58 58 58 58 60 60 60 60 63 63 63 63 82 82 82 82 89 89 89 89 94 94 94 94 92 92 92 92
61 61 61 61 60 60 60 60 55 55 55 55 61 61 61 61 73 73 73 73 73 73 73 73 68 68 68 68 61 61 61 61 55 55 55 55 58 58 58 58 69 69 69 69 76 76 76 76 84 84 84 84 77 77 77 77 71 71 71 71 63 63 63 63 58 58 58 58 58 58 58 58 60 60 60 60 63 63 63 63 82 82 82 82 89 89 89 89 94 94 94 94 92 92 92 92
61 61 61 61 60 60 60 60 55 55 55 55 61 61 61 61 73 73 73 73 73 73 73 73 68 68 68 68 61 61 61 61 55 55 55 55 58 58 58 58 69 69 69 69 76 76 76 76 84 84 84 84 77 77 77 77 71 71 71 71 63 63 63 63 58 58 58 58 58 58 58 58 60 60 60 60 63 63 63 63 82 82 82 82 89 89 89 89 94 94 94 94 92 92 92 92
61 61 61 61 58 58 58 58 55 55 55 55 65 65 65 65 84 84 84 84 72 72 72 72 63 63 63 63 64 64 64 64 59 59 59 59 52 52 52 52 68 68 68 68 80 80 80 80 86 86 86 86 76 76 76 76 69 69 69 69 62 62 62 62 64 64 64 64 61 61 61 61 61 61 61 61 70 70 70 70 76 76 76 76 92 92 92 92 94 94 94 94 94 94 94 94
61 61 61 61 58 58 58 58 55 55 55 55 65 65 65 65 84 84 84 84 72 72 72 72 63 63 63 63 64 64 64 64 59 59 59 59 52 52 52 52 68 68 68 68 80 80 80 80 86 86 86 86 76 76 76 76 69 69 69 69 62 62 62 62 64 64 64 64 61 61 61 61 61 61 61 61 70 70 70 70 76 76 76 76 92 92 92 92 94 94 94 94 94 94 94 94
61 61 61 61 58 58 58 58 55 55 55 55 65 65 65 65 84 84 84 84 72 72 72 72 63 63 63 63 64 64 64 64 59 59 59 59 52 52 52 52 68 68 68 68 80 80 80 80 86 86 86 86 76 76 76 76 69 69 69 69 62 62 62 62 64 64 64 64 61 61 61 61 61 61 61 61 70 70 70 70 76 76 76 76 92 92 92 92 94 94 94 94 94 94 94 94
61 61 61 61 58 58 58 58 55 55 55 55 65 65 65 65 84 84 84 84 72 72 72 72 63 63 63 63 64 64 64 64 59 59 59 59 52 52 52 52 68 68 68 68 80 80 80 80 86 86 86 86 76 76 76 76 69 69 69 69 62 62 62 62 64 64 64 64 61 61 61 61 61 61 61 61 70 70 70 70 76 76 76 76 92 92 92 92 94 94 94 94 94 94 94 94
62 62 62 62 60 60 60 60 55 55 55 55 65 65 65 65 82 82 82 82 71 71 71 71 59 59 59 59 68 68 68 68 70 70 70 70 59 59 59 59 73 73 73 73 84 84 84 84 78 78 78 78 74 74 74 74 68 68 68 68 65 65 65 65 66 66 66 66 67 67 67 67 65 65 65 65 79 79 79 79 82 82 82 82 89 89 89 89 103 103 103 103 101 101 101 101
62 62 62 62 60 60 60 60 55 55 55 55 65 65 65 65 82 82 82 82 71 71 71 71 59 59 59 59 68 68 68 68 70 70 70 70 59 59 59 59 73 73 73 73 84 84 84 84 78 78 78 78 74 74 74 74 68 68 68 68 65 65 65 65 66 66 66 66 67 67 67 67 65 65 65 65 79 79 79 79 82 82 82 82 89 89 89 89 103 103 103 103 101 101 101 101
62 62 62 62 60 60 60 60 55 55 55 55 65 65 65 65 82 82 82 82 71 71 71 71 59 59 59 59 68 68 68 68 70 70 70 70 59 59 59 59 73 73 73 73 84 84 84 84 78 78 78 78 74 74 74 74 68 68 68 68 65 65 65 65 66 66 66 66 67 67 67 67 65 65 65 65 79 79 79 79 82 82 82 82 89 89 89 89 103 103 103 103 101 101 101 101
62 62 62 62 60 60 60 60 55 55 55 55 65 65 65 65 82 82 82 82 71 71 71 71 59 59 59 59 68 68 68 68 70 70 70 70 59 59 59 59 73 73 73 73 84 84 84 84 78 78 78 78 74 74 74 74 68 68 68 68 65 65 65 65 66 66 66 66 67 67 67 67 65 65 65 65 79 79 79 79 82 82 82 82 89 89 89 89 103 103 103 103 101 101 101 101
69 69 69 69 63 63 63 63 56 56 56 56 69 69 69 69 79 79 79 79 77 77 77 77 62 62 62 62 74 74 74 74 79 79 79 79 73 73 73 73 77 77 77 77 84 84 84 84 77 77 77 77 82 82 82 82 73 73 73 73 70 70 70 70 75 75 75 75 87 87 87 87 73 73 73 73 73 73 73 73 84 84 84 84 88 88 88 88 104 104 104 104 103 103 103 103
69 69 69 69 63 63 63 63 56 56 56 56 69 69 69 69 79 79 79 79 77 77 77 77 62 62 62 62 74 74 74 74 79 79 79 79 73 73 73 73 77 77 77 77 84 84 84 84 77 77 77 77 82 82 82 82 73 73 73 73 70 70 70 70 75 75 75 75 87 87 87 87 73 73 73 73 73 73 73 73 84 84 84 84 88 88 88 88 104 104 104 104 103 103 103 103
69 69 69 69 63 63 63 63 56 56 56 56 69 69 69 69 79 79 79 79 77 77 77 77 62 62 62 62 74 74 74 74 79 79 79 79 73 73 73 73 77 77 77 77 84 84 84 84 77 77 77 77 82 82 82 82 73 73 73 73 70 70 70 70 75 75 75 75 87 87 87 87 73 73 73 73 73 73 73 73 84 84 84 84 88 88 88 88 104 104 104 104 103 103 103 103
69 69 69 69 63 63 63 63 56 56 56 56 69 69 69 69 79 79 79 79 77 77 77 77 62 62 62 62 74 74 74 74 79 79 79 79 73 73 73 73 77 77 77 77 84 84 84 84 77 77 77 77 82 82 82 82 73 73 73 73 70 70 70 70 75 75 75 75 87 87 87 87 73 73 73 73 73 73 73 73 84 84 84 84 88 88 88 88 104 104 104 104 103 103 103 103
69 69 69 69 64 64 64 64 58 58 58 58 61 61 61 61 69 69 69 69 82 82 82 82 71 71 71 71 82 82 82 82 89 89 89 89 85 85 85 85 85 85 85 85 87 87 87 87 80 80 80 80 91 91 91 91 85 85 85 85 78 78 78 78 76 76 76 76 92 92 92 92 86 86 86 86 66 66 66 66 86 86 86 86 93 93 93 93 99 99 99 99 100 100 100 100
69 69 69 69 64 64 64 64 58 58 58 58 61 61 61 61 69 69 69 69 82 82 82 82 71 71 71 71 82 82 82 82 89 89 89 89 85 85 85 85 85 85 85 85 87 87 87 87 80 80 80 80 91 91 91 91 85 85 85 85 78 78 78 78 76 76 76 76 92 92 92 92 86 86 86 86 66 66 66 66 86 86 86 86 93 93 93 93 99 99 99 99 100 100 100 100
69 69 69 69 64 64 64 64 58 58 58 58 61 61 61 61 69 69 69 69 82 82 82 82 71 71 71 71 82 82 82 82 89 89 89 89 85 85 85 85 85 85 85 85 87 87 87 87 80 80 80 80 91 91 91 91 85 85 85 85 78 78 78 78 76 76 76 76 92 92 92 92 86 86 86 86 66 66 66 66 86 86 86 86 93 93 93 93 99 99 99 99 100 100 100 100
69 69 69 69 64 64 64 64 58 58 58 58 61 61 61 61 69 69 69 69 82 82 82 82 71 71 71 71 82 82 82 82 89 89 89 89 85 85 85 85 85 85 85 85 87 87 87 87 80 80 80 80 91 91 91 91 85 85 85 85 78 78 78 78 76 76 76 76 92 92 92 92 86 86 86 86 66 66 66 66 86 86 86 86 93 93 93 93 99 99 99 99 100 100 100 100
71 71 71 71 62 62 62 62 59 59 59 59 66 66 66 66 80 80 80 80 89 89 89 89 92 92 92 92 89 89 89 89 94 94 94 94 97 97 97 97 99 99 99 99 96 96 96 96 89 89 89 89 89 89 89 89 91 91 91 91 87 87 87 87 90 90 90 90 89 89 89 89 89 89 89 89 76 76 76 76 88 88 88 88 99 99 99 99 96 96 96 96 94 94 94 94
71 71 71 71 62 62 62 62 59 59 59 59 66 66 66 66 80 80 80 80 89 89 89 89 92 92 92 92 89 89 89 89 94 94 94 94 97 97 97 97 99 99 99 99 96 96 96 96 89 89 89 89 89 89 89 89 91 91 91 91 87 87 87 87 90 90 90 90 89 89 89 89 89 89 89 89 76 76 76 76 88 88 88 88 99 99 99 99 96 96 96 96 94 94 94 94
71 71 71 71 62 62 62 62 59 59 59 59 66 66 66 66 80 80 80 80 89 89 89 89 92 92 92 92 89 89 89 89 94 94 94 94 97 97 97 97 99 99 99 99 96 96 96 96 89 89 89 89 89 89 89 89 91 91 91 91 87 87 87 87 90 90 90 90 89 89 89 89 89 89 89 89 76 76 76 76 88 88 88 88 99 99 99 99 96 96 96 96 94 94 94 94
71 71 71 71 62 62 62 62 59 59 59 59 66 66 66 66 80 80 80 80 89 89 89 89 92 92 92 92 89 89 89 89 94 94 94 94 97 97 97 97 99 99 99 99 96 96 96 96 89 89 89 89 89 89 89 89 91 91 91 91 87 87 87 87 90 90 90 90 89 89 89 89 89 89 89 89 76 76 76 76 88 88 88 88 99 99 99 99 96 96 96 96 94 94 94 94
75 75 75 75 71 71 71 71 63 63 63 63 61 61 61 61 77 77 77 77 80 80 80 80 89 89 89 89 93 93 93 93 89 89 89 89 93 93 93 93 89 89 89 89 94 94 94 94 98 98 98 98 98 98 98 98 99 99 99 99 90 90 90 90 99 99 99 99 101 101 101 101 101 101 101 101 88 88 88 88 89 89 89 89 104 104 104 104 100 100 100 100 93 93 93 93
75 75 75 75 71 71 71 71 63 63 63 63 61 61 61 61 77 77 77 77 80 80 80 80 89 89 89 89 93 93 93 93 89 89 89 89 93 93 93 93 89 89 89 89 94 94 94 94 98 98 98 98 98 98 98 98 99 99 99 99 90 90 90 90 99 99 99 99 101 101 101 101 101 101 101 101 88 88 88 88 89 89 89 89 104 104 104 104 100 100 100 100 93 93 93 93
75 75 75 75 71 71 71 71 63 63 63 63 61 61 61 61 77 77 77 77 80 80 80 80 89 89 89 89 93 93 93 93 89 89 89 89 93 93 93 93 89 89 89 89 94 94 94 94 98 98 98 98 98 98 98 98 99 99 99 99 90 90 90 90 99 99 99 99 101 101 101 101 101 101 101 101 88 88 88 88 89 89 89 89 104 104 104 104 100 100 100 100 93 93 93 93
75 75 75 75 71 71 71 71 63 63 63 63 61 61 61 61 77 77 77 77 80 80 80 80 89 89 89 89 93 93 93 93 89 89 89 89 93 93 93 93 89 89 89 89 94 94 94 94 98 98 98 98 98 98 98 98 99 99 99 99 90 90 90 90 99 99 99 99 101 101 101 101 101 101 101 101 88 88 88 88 89 89 89 89 104 104 104 104 100 100 100 100 93 93 93 93
88 88 88 88 82 82 82 82 70 70 70 70 61 61 61 61 64 64 64 64 66 66 66 66 85 85 85 85 86 86 86 86 82 82 82 82 76 76 76 76 82 82 82 82 89 89 89 89 90 90 90 90 94 94 94 94 102 102 102 102 101 101 101 101 98 98 98 98 104 104 104 104 106 106 106 106 105 105 105 105 101 101 101 101 109 109 109 109 102 102 102 102 93 93 93 93
88 88 88 88 82 82 82 82 70 70 70 70 61 61 61 61 64 64 64 64 66 66 66 66 85 85 85 85 86 86 86 86 82 82 82 82 76 76 76 76 82 82 82 82 89 89 89 89 90 90 90 90 94 94 94 94 102 102 102 102 101 101 101 101 98 98 98 98 104 104 104 104 106 106 106 106 105 105 105 105 101 101 101 101 109 109 109 109 102 102 102 102 93 93 93 93
88 88 88 88 82 82 82 82 70 70 70 70 61 61 61 61 64 64 64 64 66 66 66 66 85 85 85 85 86 86 86 86 82 82 82 82 76 76 76 76 82 82 82 82 89 89 89 89 90 90 90 90 94 94 94 94 102 102 102 102 101 101 101 101 98 98 98 98 104 104 104 104 106 106 106 106 105 105 105 105 101 101 101 101 109 109 109 109 102 102 102 102 93 93 93 93
88 88 88 88 82 82 82 82 70 70 70 70 61 61 61 61 64 64 64 64 66 66 66 66 85 85 85 85 86 86 86 86 82 82 82 82 76 76 76 76 82 82 82 82 89 89 89 89 90 90 90 90 94 94 94 94 102 102 102 102 101 101 101 101 98 98 98 98 104 104 104 104 106 106 106 106 105 105 105 105 101 101 101 101 109 109 109 109 102 102 102 102 93 93 93 93
92 92 92 92 85 85 85 85 82 82 82 82 70 70 70 70 63 63 63 63 61 61 61 61 63 63 63 63 68 68 68 68 77 77 77 77 68 68 68 68 74 74 74 74 80 80 80 80 76 76 76 76 84 84 84 84 95 95 95 95 101 101 101 101 108 108 108 108 110 110 110 110 115 115 115 115 115 115 115 115 106 106 106 106 106 106 106 106 101 101 101 101 96 96 96 96
92 92 92 92 85 85 85 85 82 82 82 82 70 70 70 70 63 63 63 63 61 61 61 61 63 63 63 63 68 68 68 68 77 77 77 77 68 68 68 68 74 74 74 74 80 80 80 80 76 76 76 76 84 84 84 84 95 95 95 95 101 101 101 101 108 108 108 108 110 110 110 110 115 115 115 115 115 115 115 115 106 106 106 106 106 106 106 106 101 101 101 101 96 96 96 96
92 92 92 92 85 85 85 85 82 82 82 82 70 70 70 70 63 63 63 63 61 61 61 61 63 63 63 63 68 68 68 68 77 77 77 77 68 68 68 68 74 74 74 74 80 80 80 80 76 76 76 76 84 84 84 84 95 95 95 95 101 101 101 101 108 108 108 108 110 110 110 110 115 115 115 115 115 115 115 115 106 106 106 106 106 106 106 106 101 101 101 101 96 96 96 96
92 92 92 92 85 85 85 85 82 82 82 82 70 70 70 70 63 63 63 63 61 61 61 61 63 63 63 63 68 68 68 68 77 77 77 77 68 68 68 68 74 74 74 74 80 80 80 80 76 76 76 76 84 84 84 84 95 95 95 95 101 101 101 101 108 108 108 108 110 110 110 110 115 115 115 115 115 115 115 115 106 106 106 106 106 106 106 106 101 101 101 101 96 96 96 96
85 85 85 85 92 92 92 92 78 78 78 78 73 73 73 73 68 68 68 68 82 82 82 82 82 82 82 82 71 71 71 71 63 63 63 63 81 81 81 81 79 79 79 79 79 79 79 79 70 70 70 70 74 74 74 74 92 92 92 92 94 94 94 94 102 102 102 102 110 110 110 110 114 114 114 114 111 111 111 111 102 102 102 102 104 104 104 104 90 90 90 90 89 89 89 89
85 85 85 85 92 92 92 92 78 78 78 78 73 73 73 73 68 68 68 68 82 82 82 82 82 82 82 82 71 71 71 71 63 63 63 63 81 81 81 81 79 79 79 79 79 79 79 79 70 70 70 70 74 74 74 74 92 92 92 92 94 94 94 94 102 102 102 102 110 110 110 110 114 114 114 114 111 111 111 111 102 102 102 102 104 104 104 104 90 90 90 90 89 89 89 89
85 85 85 85 92 92 92 92 78 78 78 78 73 73 73 73 68 68 68 68 82 82 82 82 82 82 82 82 71 71 71 71 63 63 63 63 81 81 81 81 79 79 79 79 79 79 79 79 70 70 70 70 74 74 74 74 92 92 92 92 94 94 94 94 102 102 102 102 110 110 110 110 114 114 114 114 111 111 111 111 102 102 102 102 104 104 104 104 90 90 90 90 89 89 89 89
85 85 85 85 92 92 92 92 78 78 78 78 73 73 73 73 68 68 68 68 82 82 82 82 82 82 82 82 71 71 71 71 63 63 63 63 81 81 81 81 79 79 79 79 79 79 79 79 70 70 70 70 74 74 74 74 92 92 92 92 94 94 94 94 102 102 102 102 110 110 110 110 114 114 114 114 111 111 111 111 102 102 102 102 104 104 104 104 90 90 90 90 89 89 89 89
85 85 85 85 89 89 89 89 87 87 87 87 75 75 75 75 69 69 69 69 92 92 92 92 94 94 94 94 77 77 77 77 70 70 70 70 86 86 86 86 88 88 88 88 85 85 85 85 81 81 81 81 78 78 78 78 85 85 85 85 101 101 101 101 113 113 113 113 109 109 109 109 109 109 109 109 107 107 107 107 96 96 96 96 89 89 89 89 83 83 83 83 94 94 94 94
85 85 85 85 89 89 89 89 87 87 87 87 75 75 75 75 69 69 69 69 92 92 92 92 94 94 94 94 77 77 77 77 70 70 70 70 86 86 86 86 88 88 88 88 85 85 85 85 81 81 81 81 78 78 78 78 85 85 85 85 101 101 101 101 113 113 113 113 109 109 109 109 109 109 109 109 107 107 107 107 96 96 96 96 89 89 89 89 83 83 83 83 94 94 94 94
85 85 85 85 89 89 89 89 87 87 87 87 75 75 75 75 69 69 69 69 92 92 92 92 94 94 94 94 77 77 77 77 70 70 70 70 86 86 86 86 88 88 88 88 85 85 85 85 81 81 81 81 78 78 78 78 85 85 85 85 101 101 101 101 113 113 113 113 109 109 109 109 109 109 109 109 107 107 107 107 96 96 96 96 89 89 89 89 83 83 83 83 94 94 94 94
85 85 85 85 89 89 89 89 87 87 87 87 75 75 75 75 69 69 69 69 92 92 92 92 94 94 94 94 77 77 77 77 70 70 70 70 86 86 86 86 88 88 88 88 85 85 85 85 81 81 81 81 78 78 78 78 85 85 85 85 101 101 101 101 113 113 113 113 109 109 109 109 109 109 109 109 107 107 107 107 96 96 96 96 89 89 89 89 83 83 83 83 94 94 94 94
85 85 85 85 94 94 94 94 93 93 93 93 79 79 79 79 80 80 80 80 94 94 94 94 89 89 89 89 85 85 85 85 74 74 74 74 73 73 73 73 82 82 82 82 94 94 94 94 94 94 94 94 88 88 88 88 95 95 95 95 106 106 106 106 106 106 106 106 105 105 105 105 97 97 97 97 97 97 97 97 91 91 91 91 92 92 92 92 89 89 89 89 101 101 101 101
85 85 85 85 94 94 94 94 93 93 93 93 79 79 79 79 80 80 80 80 94 94 94 94 89 89 89 89 85 85 85 85 74 74 74 74 73 73 73 73 82 82 82 82 94 94 94 94 94 94 94 94 88 88 88 88 95 95 95 95 106 106 106 106 106 106 106 106 105 105 105 105 97 97 97 97 97 97 97 97 91 91 91 91 92 92 92 92 89 89 89 89 101 101 101 101
85 85 85 85 94 94 94 94 93 93 93 93 79 79 79 79 80 80 80 80 94 94 94 94 89 89 89 89 85 85 85 85 74 74 74 74 73 73 73 73 82 82 82 82 94 94 94 94 94 94 94 94 88 88 88 88 95 95 95 95 106 106 106 106 106 106 106 106 105 105 105 105 97 97 97 97 97 97 97 97 91 91 91 91 92 92 92 92 89 89 89 89 101 101 101 101
85 85 85 85 94 94 94 94 93 93 93 93 79 79 79 79 80 80 80 80 94 94 94 94 89 89 89 89 85 85 85 85 74 74 74 74 73 73 73 73 82 82 82 82 94 94 94 94 94 94 94 94 88 88 88 88 95 95 95 95 106 106 106 106 106 106 106 106 105 105 105 105 97 97 97 97 97 97 97 97 91 91 91 91 92 92 92 92 89 89 89 89 101 101 101 101
77 77 77 77 88 88 88 88 95 95 95 95 86 86 86 86 83 83 83 83 83 83 83 83 85 85 85 85 85 85 85 85 75 75 75 75 84 84 84 84 77 77 77 77 83 83 83 83 94 94 94 94 90 90 90 90 97 97 97 97 110 110 110 110 109 109 109 109 98 98 98 98 89 89 89 89 91 91 91 91 85 85 85 85 83 83 83 83 102 102 102 102 108 108 108 108
