Example_case_study_data/Budapest/slope_budapest_250.asc
ncols         487
nrows         547
xllcorner     4966250
yllcorner     2686500
cellsize      250
NODATA_value  -9999
[rows 348 to 376 of 547, columns 134 to 200 of 487]
0.02500 0.02500 0.02500 0.02500 0.02500 0.02500 0.10308 0.10308 0.10308 0.10308 0.11859 0.11859 0.11859 0.11859 0.02500 0.02500 0.02500 0.02500 0.03953 0.03953 0.03953 0.03953 0.12870 0.12870 0.12870 0.12870 0.08839 0.08839 0.08839 0.08839 0.18456 0.18456 0.18456 0.18456 0.19445 0.19445 0.19445 0.19445 0.10000 0.10000 0.10000 0.10000 0.06374 0.06374 0.06374 0.06374 0.11319 0.11319 0.11319 0.11319 0.20616 0.20616 0.20616 0.20616 0.03536 0.03536 0.03536 0.03536 0.00000 0.00000 0.00000 0.00000 0.00000 0.00000 0.00000 0.00000 0.10000
0.02500 0.02500 0.02500 0.02500 0.02500 0.02500 0.10308 0.10308 0.10308 0.10308 0.11859 0.11859 0.11859 0.11859 0.02500 0.02500 0.02500 0.02500 0.03953 0.03953 0.03953 0.03953 0.12870 0.12870 0.12870 0.12870 0.08839 0.08839 0.08839 0.08839 0.18456 0.18456 0.18456 0.18456 0.19445 0.19445 0.19445 0.19445 0.10000 0.10000 0.10000 0.10000 0.06374 0.06374 0.06374 0.06374 0.11319 0.11319 0.11319 0.11319 0.20616 0.20616 0.20616 0.20616 0.03536 0.03536 0.03536 0.03536 0.00000 0.00000 0.00000 0.00000 0.00000 0.00000 0.00000 0.00000 0.10000
0.02500 0.02500 0.02500 0.02500 0.02500 0.02500 0.10308 0.10308 0.10308 0.10308 0.11859 0.11859 0.11859 0.11859 0.02500 0.02500 0.02500 0.02500 0.03953 0.03953 0.03953 0.03953 0.12870 0.12870 0.12870 0.12870 0.08839 0.08839 0.08839 0.08839 0.18456 0.18456 0.18456 0.18456 0.19445 0.19445 0.19445 0.19445 0.10000 0.10000 0.10000 0.10000 0.06374 0.06374 0.06374 0.06374 0.11319 0.11319 0.11319 0.11319 0.20616 0.20616 0.20616 0.20616 0.03536 0.03536 0.03536 0.03536 0.00000 0.00000 0.00000 0.00000 0.00000 0.00000 0.00000 0.00000 0.10000
0.02500 0.02500 0.02500 0.02500 0.02500 0.02500 0.10308 0.10308 0.10308 0.10308 0.11859 0.11859 0.11859 0.11859 0.02500 0.02500 0.02500 0.02500 0.03953 0.03953 0.03953 0.03953 0.12870 0.12870 0.12870 0.12870 0.08839 0.08839 0.08839 0.08839 0.18456 0.18456 0.18456 0.18456 0.19445 0.19445 0.19445 0.19445 0.10000 0.10000 0.10000 0.10000 0.06374 0.06374 0.06374 0.06374 0.11319 0.11319 0.11319 0.11319 0.20616 0.20616 0.20616 0.20616 0.03536 0.03536 0.03536 0.03536 0.00000 0.00000 0.00000 0.00000 0.00000 0.00000 0.00000 0.00000 0.10000
0.10753 0.10753 0.07500 0.07500 0.07500 0.07500 0.02500 0.02500 0.02500 0.02500 0.05000 0.05000 0.05000 0.05000 0.05303 0.05303 0.05303 0.05303 0.05590 0.05590 0.05590 0.05590 0.07289 0.07289 0.07289 0.07289 0.11859 0.11859 0.11859 0.11859 0.06374 0.06374 0.06374 0.06374 0.14252 0.14252 0.14252 0.14252 0.05590 0.05590 0.05590 0.05590 0.03536 0.03536 0.03536 0.03536 0.10000 0.10000 0.10000 0.10000 0.24559 0.24559 0.24559 0.24559 0.18028 0.18028 0.18028 0.18028 0.18792 0.18792 0.18792 0.18792 0.18792 0.18792 0.18792 0.18792 0.17410
0.10753 0.10753 0.07500 0.07500 0.07500 0.07500 0.02500 0.02500 0.02500 0.02500 0.05000 0.05000 0.05000 0.05000 0.05303 0.05303 0.05303 0.05303 0.05590 0.05590 0.05590 0.05590 0.07289 0.07289 0.07289 0.07289 0.11859 0.11859 0.11859 0.11859 0.06374 0.06374 0.06374 0.06374 0.14252 0.14252 0.14252 0.14252 0.05590 0.05590 0.05590 0.05590 0.03536 0.03536 0.03536 0.03536 0.10000 0.10000 0.10000 0.10000 0.24559 0.24559 0.24559 0.24559 0.18028 0.18028 0.18028 0.18028 0.18792 0.18792 0.18792 0.18792 0.18792 0.18792 0.18792 0.18792 0.17410
0.10753 0.10753 0.07500 0.07500 0.07500 0.07500 0.02500 0.02500 0.02500 0.02500 0.05000 0.05000 0.05000 0.05000 0.05303 0.05303 0.05303 0.05303 0.05590 0.05590 0.05590 0.05590 0.07289 0.07289 0.07289 0.07289 0.11859 0.11859 0.11859 0.11859 0.06374 0.06374 0.06374 0.06374 0.14252 0.14252 0.14252 0.14252 0.05590 0.05590 0.05590 0.05590 0.03536 0.03536 0.03536 0.03536 0.10000 0.10000 0.10000 0.10000 0.24559 0.24559 0.24559 0.24559 0.18028 0.18028 0.18028 0.18028 0.18792 0.18792 0.18792 0.18792 0.18792 0.18792 0.18792 0.18792 0.17410
0.10753 0.10753 0.07500 0.07500 0.07500 0.07500 0.02500 0.02500 0.02500 0.02500 0.05000 0.05000 0.05000 0.05000 0.05303 0.05303 0.05303 0.05303 0.05590 0.05590 0.05590 0.05590 0.07289 0.07289 0.07289 0.07289 0.11859 0.11859 0.11859 0.11859 0.06374 0.06374 0.06374 0.06374 0.14252 0.14252 0.14252 0.14252 0.05590 0.05590 0.05590 0.05590 0.03536 0.03536 0.03536 0.03536 0.10000 0.10000 0.10000 0.10000 0.24559 0.24559 0.24559 0.24559 0.18028 0.18028 0.18028 0.18028 0.18792 0.18792 0.18792 0.18792 0.18792 0.18792 0.18792 0.18792 0.17410
0.11180 0.11180 0.19121 0.19121 0.19121 0.19121 0.17766 0.17766 0.17766 0.17766 0.05000 0.05000 0.05000 0.05000 0.03953 0.03953 0.03953 0.03953 0.05590 0.05590 0.05590 0.05590 0.01768 0.01768 0.01768 0.01768 0.09520 0.09520 0.09520 0.09520 0.09520 0.09520 0.09520 0.09520 0.11319 0.11319 0.11319 0.11319 0.05303 0.05303 0.05303 0.05303 0.03953 0.03953 0.03953 0.03953 0.11859 0.11859 0.11859 0.11859 0.27951 0.27951 0.27951 0.27951 0.17678 0.17678 0.17678 0.17678 0.02500 0.02500 0.02500 0.02500 0.03953 0.03953 0.03953 0.03953 0.05303
0.11180 0.11180 0.19121 0.19121 0.19121 0.19121 0.17766 0.17766 0.17766 0.17766 0.05000 0.05000 0.05000 0.05000 0.03953 0.03953 0.03953 0.03953 0.05590 0.05590 0.05590 0.05590 0.01768 0.01768 0.01768 0.01768 0.09520 0.09520 0.09520 0.09520 0.09520 0.09520 0.09520 0.09520 0.11319 0.11319 0.11319 0.11319 0.05303 0.05303 0.05303 0.05303 0.03953 0.03953 0.03953 0.03953 0.11859 0.11859 0.11859 0.11859 0.27951 0.27951 0.27951 0.27951 0.17678 0.17678 0.17678 0.17678 0.02500 0.02500 0.02500 0.02500 0.03953 0.03953 0.03953 0.03953 0.05303
0.11180 0.11180 0.19121 0.19121 0.19121 0.19121 0.17766 0.17766 0.17766 0.17766 0.05000 0.05000 0.05000 0.05000 0.03953 0.03953 0.03953 0.03953 0.05590 0.05590 0.05590 0.05590 0.01768 0.01768 0.01768 0.01768 0.09520 0.09520 0.09520 0.09520 0.09520 0.09520 0.09520 0.09520 0.11319 0.11319 0.11319 0.11319 0.05303 0.05303 0.05303 0.05303 0.03953 0.03953 0.03953 0.03953 0.11859 0.11859 0.11859 0.11859 0.27951 0.27951 0.27951 0.27951 0.17678 0.17678 0.17678 0.17678 0.02500 0.02500 0.02500 0.02500 0.03953 0.03953 0.03953 0.03953 0.05303
0.11180 0.11180 0.19121 0.19121 0.19121 0.19121 0.17766 0.17766 0.17766 0.17766 0.05000 0.05000 0.05000 0.05000 0.03953 0.03953 0.03953 0.03953 0.05590 0.05590 0.05590 0.05590 0.01768 0.01768 0.01768 0.01768 0.09520 0.09520 0.09520 0.09520 0.09520 0.09520 0.09520 0.09520 0.11319 0.11319 0.11319 0.11319 0.05303 0.05303 0.05303 0.05303 0.03953 0.03953 0.03953 0.03953 0.11859 0.11859 0.11859 0.11859 0.27951 0.27951 0.27951 0.27951 0.17678 0.17678 0.17678 0.17678 0.02500 0.02500 0.02500 0.02500 0.03953 0.03953 0.03953 0.03953 0.05303
0.21213 0.21213 0.12748 0.12748 0.12748 0.12748 0.15811 0.15811 0.15811 0.15811 0.10000 0.10000 0.10000 0.10000 0.00000 0.00000 0.00000 0.00000 0.03536 0.03536 0.03536 0.03536 0.05303 0.05303 0.05303 0.05303 0.02500 0.02500 0.02500 0.02500 0.07289 0.07289 0.07289 0.07289 0.07289 0.07289 0.07289 0.07289 0.00000 0.00000 0.00000 0.00000 0.02500 0.02500 0.02500 0.02500 0.09014 0.09014 0.09014 0.09014 0.29633 0.29633 0.29633 0.29633 0.26926 0.26926 0.26926 0.26926 0.01768 0.01768 0.01768 0.01768 0.03953 0.03953 0.03953 0.03953 0.03953
0.21213 0.21213 0.12748 0.12748 0.12748 0.12748 0.15811 0.15811 0.15811 0.15811 0.10000 0.10000 0.10000 0.10000 0.00000 0.00000 0.00000 0.00000 0.03536 0.03536 0.03536 0.03536 0.05303 0.05303 0.05303 0.05303 0.02500 0.02500 0.02500 0.02500 0.07289 0.07289 0.07289 0.07289 0.07289 0.07289 0.07289 0.07289 0.00000 0.00000 0.00000 0.00000 0.02500 0.02500 0.02500 0.02500 0.09014 0.09014 0.09014 0.09014 0.29633 0.29633 0.29633 0.29633 0.26926 0.26926 0.26926 0.26926 0.01768 0.01768 0.01768 0.01768 0.03953 0.03953 0.03953 0.03953 0.03953
0.21213 0.21213 0.12748 0.12748 0.12748 0.12748 0.15811 0.15811 0.15811 0.15811 0.10000 0.10000 0.10000 0.10000 0.00000 0.00000 0.00000 0.00000 0.03536 0.03536 0.03536 0.03536 0.05303 0.05303 0.05303 0.05303 0.02500 0.02500 0.02500 0.02500 0.07289 0.07289 0.07289 0.07289 0.07289 0.07289 0.07289 0.07289 0.00000 0.00000 0.00000 0.00000 0.02500 0.02500 0.02500 0.02500 0.09014 0.09014 0.09014 0.09014 0.29633 0.29633 0.29633 0.29633 0.26926 0.26926 0.26926 0.26926 0.01768 0.01768 0.01768 0.01768 0.03953 0.03953 0.03953 0.03953 0.03953
0.21213 0.21213 0.12748 0.12748 0.12748 0.12748 0.15811 0.15811 0.15811 0.15811 0.10000 0.10000 0.10000 0.10000 0.00000 0.00000 0.00000 0.00000 0.03536 0.03536 0.03536 0.03536 0.05303 0.05303 0.05303 0.05303 0.02500 0.02500 0.02500 0.02500 0.07289 0.07289 0.07289 0.07289 0.07289 0.07289 0.07289 0.07289 0.00000 0.00000 0.00000 0.00000 0.02500 0.02500 0.02500 0.02500 0.09014 0.09014 0.09014 0.09014 0.29633 0.29633 0.29633 0.29633 0.26926 0.26926 0.26926 0.26926 0.01768 0.01768 0.01768 0.01768 0.03953 0.03953 0.03953 0.03953 0.03953
0.14142 0.14142 0.16298 0.16298 0.16298 0.16298 0.15104 0.15104 0.15104 0.15104 0.07071 0.07071 0.07071 0.07071 0.00000 0.00000 0.00000 0.00000 0.01768 0.01768 0.01768 0.01768 0.01768 0.01768 0.01768 0.01768 0.01768 0.01768 0.01768 0.01768 0.02500 0.02500 0.02500 0.02500 0.02500 0.02500 0.02500 0.02500 0.01768 0.01768 0.01768 0.01768 0.01768 0.01768 0.01768 0.01768 0.03953 0.03953 0.03953 0.03953 0.16677 0.16677 0.16677 0.16677 0.30259 0.30259 0.30259 0.30259 0.21506 0.21506 0.21506 0.21506 0.08839 0.08839 0.08839 0.08839 0.03953
0.14142 0.14142 0.16298 0.16298 0.16298 0.16298 0.15104 0.15104 0.15104 0.15104 0.07071 0.07071 0.07071 0.07071 0.00000 0.00000 0.00000 0.00000 0.01768 0.01768 0.01768 0.01768 0.01768 0.01768 0.01768 0.01768 0.01768 0.01768 0.01768 0.01768 0.02500 0.02500 0.02500 0.02500 0.02500 0.02500 0.02500 0.02500 0.01768 0.01768 0.01768 0.01768 0.01768 0.01768 0.01768 0.01768 0.03953 0.03953 0.03953 0.03953 0.16677 0.16677 0.16677 0.16677 0.30259 0.30259 0.30259 0.30259 0.21506 0.21506 0.21506 0.21506 0.08839 0.08839 0.08839 0.08839 0.03953
0.14142 0.14142 0.16298 0.16298 0.16298 0.16298 0.15104 0.15104 0.15104 0.15104 0.07071 0.07071 0.07071 0.07071 0.00000 0.00000 0.00000 0.00000 0.01768 0.01768 0.01768 0.01768 0.01768 0.01768 0.01768 0.01768 0.01768 0.01768 0.01768 0.01768 0.02500 0.02500 0.02500 0.02500 0.02500 0.02500 0.02500 0.02500 0.01768 0.01768 0.01768 0.01768 0.01768 0.01768 0.01768 0.01768 0.03953 0.03953 0.03953 0.03953 0.16677 0.16677 0.16677 0.16677 0.30259 0.30259 0.30259 0.30259 0.21506 0.21506 0.21506 0.21506 0.08839 0.08839 0.08839 0.08839 0.03953
0.14142 0.14142 0.16298 0.16298 0.16298 0.16298 0.15104 0.15104 0.15104 0.15104 0.07071 0.07071 0.07071 0.07071 0.00000 0.00000 0.00000 0.00000 0.01768 0.01768 0.01768 0.01768 0.01768 0.01768 0.01768 0.01768 0.01768 0.01768 0.01768 0.01768 0.02500 0.02500 0.02500 0.02500 0.02500 0.02500 0.02500 0.02500 0.01768 0.01768 0.01768 0.01768 0.01768 0.01768 0.01768 0.01768 0.03953 0.03953 0.03953 0.03953 0.16677 0.16677 0.16677 0.16677 0.30259 0.30259 0.30259 0.30259 0.21506 0.21506 0.21506 0.21506 0.08839 0.08839 0.08839 0.08839 0.03953
0.05303 0.05303 0.03953 0.03953 0.03953 0.03953 0.05590 0.05590 0.05590 0.05590 0.05000 0.05000 0.05000 0.05000 0.03953 0.03953 0.03953 0.03953 0.03536 0.03536 0.03536 0.03536 0.02500 0.02500 0.02500 0.02500 0.03953 0.03953 0.03953 0.03953 0.00000 0.00000 0.00000 0.00000 0.00000 0.00000 0.00000 0.00000 0.00000 0.00000 0.00000 0.00000 0.02500 0.02500 0.02500 0.02500 0.02500 0.02500 0.02500 0.02500 0.05590 0.05590 0.05590 0.05590 0.19526 0.19526 0.19526 0.19526 0.25000 0.25000 0.25000 0.25000 0.19039 0.19039 0.19039 0.19039 0.20000
0.05303 0.05303 0.03953 0.03953 0.03953 0.03953 0.05590 0.05590 0.05590 0.05590 0.05000 0.05000 0.05000 0.05000 0.03953 0.03953 0.03953 0.03953 0.03536 0.03536 0.03536 0.03536 0.02500 0.02500 0.02500 0.02500 0.03953 0.03953 0.03953 0.03953 0.00000 0.00000 0.00000 0.00000 0.00000 0.00000 0.00000 0.00000 0.00000 0.00000 0.00000 0.00000 0.02500 0.02500 0.02500 0.02500 0.02500 0.02500 0.02500 0.02500 0.05590 0.05590 0.05590 0.05590 0.19526 0.19526 0.19526 0.19526 0.25000 0.25000 0.25000 0.25000 0.19039 0.19039 0.19039 0.19039 0.20000
0.05303 0.05303 0.03953 0.03953 0.03953 0.03953 0.05590 0.05590 0.05590 0.05590 0.05000 0.05000 0.05000 0.05000 0.03953 0.03953 0.03953 0.03953 0.03536 0.03536 0.03536 0.03536 0.02500 0.02500 0.02500 0.02500 0.03953 0.03953 0.03953 0.03953 0.00000 0.00000 0.00000 0.00000 0.00000 0.00000 0.00000 0.00000 0.00000 0.00000 0.00000 0.00000 0.02500 0.02500 0.02500 0.02500 0.02500 0.02500 0.02500 0.02500 0.05590 0.05590 0.05590 0.05590 0.19526 0.19526 0.19526 0.19526 0.25000 0.25000 0.25000 0.25000 0.19039 0.19039 0.19039 0.19039 0.20000
0.05303 0.05303 0.03953 0.03953 0.03953 0.03953 0.05590 0.05590 0.05590 0.05590 0.05000 0.05000 0.05000 0.05000 0.03953 0.03953 0.03953 0.03953 0.03536 0.03536 0.03536 0.03536 0.02500 0.02500 0.02500 0.02500 0.03953 0.03953 0.03953 0.03953 0.00000 0.00000 0.00000 0.00000 0.00000 0.00000 0.00000 0.00000 0.00000 0.00000 0.00000 0.00000 0.02500 0.02500 0.02500 0.02500 0.02500 0.02500 0.02500 0.02500 0.05590 0.05590 0.05590 0.05590 0.19526 0.19526 0.19526 0.19526 0.25000 0.25000 0.25000 0.25000 0.19039 0.19039 0.19039 0.19039 0.20000
0.10308 0.10308 0.03953 0.03953 0.03953 0.03953 0.01768 0.01768 0.01768 0.01768 0.00000 0.00000 0.00000 0.00000 0.02500 0.02500 0.02500 0.02500 0.01768 0.01768 0.01768 0.01768 0.02500 0.02500 0.02500 0.02500 0.03953 0.03953 0.03953 0.03953 0.00000 0.00000 0.00000 0.00000 0.00000 0.00000 0.00000 0.00000 0.00000 0.00000 0.00000 0.00000 0.03953 0.03953 0.03953 0.03953 0.08839 0.08839 0.08839 0.08839 0.06374 0.06374 0.06374 0.06374 0.16298 0.16298 0.16298 0.16298 0.17678 0.17678 0.17678 0.17678 0.07906 0.07906 0.07906 0.07906 0.17678
0.10308 0.10308 0.03953 0.03953 0.03953 0.03953 0.01768 0.01768 0.01768 0.01768 0.00000 0.00000 0.00000 0.00000 0.02500 0.02500 0.02500 0.02500 0.01768 0.01768 0.01768 0.01768 0.02500 0.02500 0.02500 0.02500 0.03953 0.03953 0.03953 0.03953 0.00000 0.00000 0.00000 0.00000 0.00000 0.00000 0.00000 0.00000 0.00000 0.00000 0.00000 0.00000 0.03953 0.03953 0.03953 0.03953 0.08839 0.08839 0.08839 0.08839 0.06374 0.06374 0.06374 0.06374 0.16298 0.16298 0.16298 0.16298 0.17678 0.17678 0.17678 0.17678 0.07906 0.07906 0.07906 0.07906 0.17678
0.10308 0.10308 0.03953 0.03953 0.03953 0.03953 0.01768 0.01768 0.01768 0.01768 0.00000 0.00000 0.00000 0.00000 0.02500 0.02500 0.02500 0.02500 0.01768 0.01768 0.01768 0.01768 0.02500 0.02500 0.02500 0.02500 0.03953 0.03953 0.03953 0.03953 0.00000 0.00000 0.00000 0.00000 0.00000 0.00000 0.00000 0.00000 0.00000 0.00000 0.00000 0.00000 0.03953 0.03953 0.03953 0.03953 0.08839 0.08839 0.08839 0.08839 0.06374 0.06374 0.06374 0.06374 0.16298 0.16298 0.16298 0.16298 0.17678 0.17678 0.17678 0.17678 0.07906 0.07906 0.07906 0.07906 0.17678
0.10308 0.10308 0.03953 0.03953 0.03953 0.03953 0.01768 0.01768 0.01768 0.01768 0.00000 0.00000 0.00000 0.00000 0.02500 0.02500 0.02500 0.02500 0.01768 0.01768 0.01768 0.01768 0.02500 0.02500 0.02500 0.02500 0.03953 0.03953 0.03953 0.03953 0.00000 0.00000 0.00000 0.00000 0.00000 0.00000 0.00000 0.00000 0.00000 0.00000 0.00000 0.00000 0.03953 0.03953 0.03953 0.03953 0.08839 0.08839 0.08839 0.08839 0.06374 0.06374 0.06374 0.06374 0.16298 0.16298 0.16298 0.16298 0.17678 0.17678 0.17678 0.17678 0.07906 0.07906 0.07906 0.07906 0.17678
0.07289 0.07289 0.03953 0.03953 0.03953 0.03953 0.11180 0.11180 0.11180 0.11180 0.15000 0.15000 0.15000 0.15000 0.16298 0.16298 0.16298 0.16298 0.17500 0.17500 0.17500 0.17500 0.13463 0.13463 0.13463 0.13463 0.07289 0.07289 0.07289 0.07289 0.00000 0.00000 0.00000 0.00000 0.00000 0.00000 0.00000 0.00000 0.00000 0.00000 0.00000 0.00000 0.07906 0.07906 0.07906 0.07906 0.03953 0.03953 0.03953 0.03953 0.07500 0.07500 0.07500 0.07500 0.18792 0.18792 0.18792 0.18792 0.15000 0.15000 0.15000 0.15000 0.07071 0.07071 0.07071 0.07071 0.15000
