Example_case_study_data/Budapest/slope_budapest_250.asc
ncols         487
nrows         547
xllcorner     4966250
yllcorner     2686500
cellsize      250
NODATA_value  -9999
[rows 377 to 405 of 547, columns 201 to 267 of 487]
0.15000 0.15000 0.15000 0.22361 0.22361 0.22361 0.22361 0.24812 0.24812 0.24812 0.24812 0.11180 0.11180 0.11180 0.11180 0.07906 0.07906 0.07906 0.07906 0.15104 0.15104 0.15104 0.15104 0.13463 0.13463 0.13463 0.13463 0.07500 0.07500 0.07500 0.07500 0.09014 0.09014 0.09014 0.09014 0.10753 0.10753 0.10753 0.10753 0.10753 0.10753 0.10753 0.10753 0.12374 0.12374 0.12374 0.12374 0.09014 0.09014 0.09014 0.09014 0.09014 0.09014 0.09014 0.09014 0.10000 0.10000 0.10000 0.10000 0.02500 0.02500 0.02500 0.02500 0.07500 0.07500 0.07500 0.07500
0.15000 0.15000 0.15000 0.22361 0.22361 0.22361 0.22361 0.24812 0.24812 0.24812 0.24812 0.11180 0.11180 0.11180 0.11180 0.07906 0.07906 0.07906 0.07906 0.15104 0.15104 0.15104 0.15104 0.13463 0.13463 0.13463 0.13463 0.07500 0.07500 0.07500 0.07500 0.09014 0.09014 0.09014 0.09014 0.10753 0.10753 0.10753 0.10753 0.10753 0.10753 0.10753 0.10753 0.12374 0.12374 0.12374 0.12374 0.09014 0.09014 0.09014 0.09014 0.09014 0.09014 0.09014 0.09014 0.10000 0.10000 0.10000 0.10000 0.02500 0.02500 0.02500 0.02500 0.07500 0.07500 0.07500 0.07500
0.15000 0.15000 0.15000 0.22361 0.22361 0.22361 0.22361 0.24812 0.24812 0.24812 0.24812 0.11180 0.11180 0.11180 0.11180 0.07906 0.07906 0.07906 0.07906 0.15104 0.15104 0.15104 0.15104 0.13463 0.13463 0.13463 0.13463 0.07500 0.07500 0.07500 0.07500 0.09014 0.09014 0.09014 0.09014 0.10753 0.10753 0.10753 0.10753 0.10753 0.10753 0.10753 0.10753 0.12374 0.12374 0.12374 0.12374 0.09014 0.09014 0.09014 0.09014 0.09014 0.09014 0.09014 0.09014 0.10000 0.10000 0.10000 0.10000 0.02500 0.02500 0.02500 0.02500 0.07500 0.07500 0.07500 0.07500
0.17678 0.17678 0.17678 0.15811 0.15811 0.15811 0.15811 0.09520 0.09520 0.09520 0.09520 0.03953 0.03953 0.03953 0.03953 0.03953 0.03953 0.03953 0.03953 0.11180 0.11180 0.11180 0.11180 0.08839 0.08839 0.08839 0.08839 0.13463 0.13463 0.13463 0.13463 0.12500 0.12500 0.12500 0.12500 0.12374 0.12374 0.12374 0.12374 0.09520 0.09520 0.09520 0.09520 0.15104 0.15104 0.15104 0.15104 0.19526 0.19526 0.19526 0.19526 0.21287 0.21287 0.21287 0.21287 0.19121 0.19121 0.19121 0.19121 0.16008 0.16008 0.16008 0.16008 0.08839 0.08839 0.08839 0.08839
0.17678 0.17678 0.17678 0.15811 0.15811 0.15811 0.15811 0.09520 0.09520 0.09520 0.09520 0.03953 0.03953 0.03953 0.03953 0.03953 0.03953 0.03953 0.03953 0.11180 0.11180 0.11180 0.11180 0.08839 0.08839 0.08839 0.08839 0.13463 0.13463 0.13463 0.13463 0.12500 0.12500 0.12500 0.12500 0.12374 0.12374 0.12374 0.12374 0.09520 0.09520 0.09520 0.09520 0.15104 0.15104 0.15104 0.15104 0.19526 0.19526 0.19526 0.19526 0.21287 0.21287 0.21287 0.21287 0.19121 0.19121 0.19121 0.19121 0.16008 0.16008 0.16008 0.16008 0.08839 0.08839 0.08839 0.08839
0.17678 0.17678 0.17678 0.15811 0.15811 0.15811 0.15811 0.09520 0.09520 0.09520 0.09520 0.03953 0.03953 0.03953 0.03953 0.03953 0.03953 0.03953 0.03953 0.11180 0.11180 0.11180 0.11180 0.08839 0.08839 0.08839 0.08839 0.13463 0.13463 0.13463 0.13463 0.12500 0.12500 0.12500 0.12500 0.12374 0.12374 0.12374 0.12374 0.09520 0.09520 0.09520 0.09520 0.15104 0.15104 0.15104 0.15104 0.19526 0.19526 0.19526 0.19526 0.21287 0.21287 0.21287 0.21287 0.19121 0.19121 0.19121 0.19121 0.16008 0.16008 0.16008 0.16008 0.08839 0.08839 0.08839 0.08839
0.17678 0.17678 0.17678 0.15811 0.15811 0.15811 0.15811 0.09520 0.09520 0.09520 0.09520 0.03953 0.03953 0.03953 0.03953 0.03953 0.03953 0.03953 0.03953 0.11180 0.11180 0.11180 0.11180 0.08839 0.08839 0.08839 0.08839 0.13463 0.13463 0.13463 0.13463 0.12500 0.12500 0.12500 0.12500 0.12374 0.12374 0.12374 0.12374 0.09520 0.09520 0.09520 0.09520 0.15104 0.15104 0.15104 0.15104 0.19526 0.19526 0.19526 0.19526 0.21287 0.21287 0.21287 0.21287 0.19121 0.19121 0.19121 0.19121 0.16008 0.16008 0.16008 0.16008 0.08839 0.08839 0.08839 0.08839
0.15811 0.15811 0.15811 0.00000 0.00000 0.00000 0.00000 0.01768 0.01768 0.01768 0.01768 0.05590 0.05590 0.05590 0.05590 0.09520 0.09520 0.09520 0.09520 0.12870 0.12870 0.12870 0.12870 0.14252 0.14252 0.14252 0.14252 0.12500 0.12500 0.12500 0.12500 0.11859 0.11859 0.11859 0.11859 0.09014 0.09014 0.09014 0.09014 0.11859 0.11859 0.11859 0.11859 0.09520 0.09520 0.09520 0.09520 0.16298 0.16298 0.16298 0.16298 0.15104 0.15104 0.15104 0.15104 0.05590 0.05590 0.05590 0.05590 0.21360 0.21360 0.21360 0.21360 0.05303 0.05303 0.05303 0.05303
0.15811 0.15811 0.15811 0.00000 0.00000 0.00000 0.00000 0.01768 0.01768 0.01768 0.01768 0.05590 0.05590 0.05590 0.05590 0.09520 0.09520 0.09520 0.09520 0.12870 0.12870 0.12870 0.12870 0.14252 0.14252 0.14252 0.14252 0.12500 0.12500 0.12500 0.12500 0.11859 0.11859 0.11859 0.11859 0.09014 0.09014 0.09014 0.09014 0.11859 0.11859 0.11859 0.11859 0.09520 0.09520 0.09520 0.09520 0.16298 0.16298 0.16298 0.16298 0.15104 0.15104 0.15104 0.15104 0.05590 0.05590 0.05590 0.05590 0.21360 0.21360 0.21360 0.21360 0.05303 0.05303 0.05303 0.05303
0.15811 0.15811 0.15811 0.00000 0.00000 0.00000 0.00000 0.01768 0.01768 0.01768 0.01768 0.05590 0.05590 0.05590 0.05590 0.09520 0.09520 0.09520 0.09520 0.12870 0.12870 0.12870 0.12870 0.14252 0.14252 0.14252 0.14252 0.12500 0.12500 0.12500 0.12500 0.11859 0.11859 0.11859 0.11859 0.09014 0.09014 0.09014 0.09014 0.11859 0.11859 0.11859 0.11859 0.09520 0.09520 0.09520 0.09520 0.16298 0.16298 0.16298 0.16298 0.15104 0.15104 0.15104 0.15104 0.05590 0.05590 0.05590 0.05590 0.21360 0.21360 0.21360 0.21360 0.05303 0.05303 0.05303 0.05303
0.15811 0.15811 0.15811 0.00000 0.00000 0.00000 0.00000 0.01768 0.01768 0.01768 0.01768 0.05590 0.05590 0.05590 0.05590 0.09520 0.09520 0.09520 0.09520 0.12870 0.12870 0.12870 0.12870 0.14252 0.14252 0.14252 0.14252 0.12500 0.12500 0.12500 0.12500 0.11859 0.11859 0.11859 0.11859 0.09014 0.09014 0.09014 0.09014 0.11859 0.11859 0.11859 0.11859 0.09520 0.09520 0.09520 0.09520 0.16298 0.16298 0.16298 0.16298 0.15104 0.15104 0.15104 0.15104 0.05590 0.05590 0.05590 0.05590 0.21360 0.21360 0.21360 0.21360 0.05303 0.05303 0.05303 0.05303
0.10753 0.10753 0.10753 0.05000 0.05000 0.05000 0.05000 0.05000 0.05000 0.05000 0.05000 0.05000 0.05000 0.05000 0.05000 0.03953 0.03953 0.03953 0.03953 0.02500 0.02500 0.02500 0.02500 0.10000 0.10000 0.10000 0.10000 0.10000 0.10000 0.10000 0.10000 0.07289 0.07289 0.07289 0.07289 0.00000 0.00000 0.00000 0.00000 0.03953 0.03953 0.03953 0.03953 0.06374 0.06374 0.06374 0.06374 0.09014 0.09014 0.09014 0.09014 0.10607 0.10607 0.10607 0.10607 0.06374 0.06374 0.06374 0.06374 0.21360 0.21360 0.21360 0.21360 0.06374 0.06374 0.06374 0.06374
0.10753 0.10753 0.10753 0.05000 0.05000 0.05000 0.05000 0.05000 0.05000 0.05000 0.05000 0.05000 0.05000 0.05000 0.05000 0.03953 0.03953 0.03953 0.03953 0.02500 0.02500 0.02500 0.02500 0.10000 0.10000 0.10000 0.10000 0.10000 0.10000 0.10000 0.10000 0.07289 0.07289 0.07289 0.07289 0.00000 0.00000 0.00000 0.00000 0.03953 0.03953 0.03953 0.03953 0.06374 0.06374 0.06374 0.06374 0.09014 0.09014 0.09014 0.09014 0.10607 0.10607 0.10607 0.10607 0.06374 0.06374 0.06374 0.06374 0.21360 0.21360 0.21360 0.21360 0.06374 0.06374 0.06374 0.06374
0.10753 0.10753 0.10753 0.05000 0.05000 0.05000 0.05000 0.05000 0.05000 0.05000 0.05000 0.05000 0.05000 0.05000 0.05000 0.03953 0.03953 0.03953 0.03953 0.02500 0.02500 0.02500 0.02500 0.10000 0.10000 0.10000 0.10000 0.10000 0.10000 0.10000 0.10000 0.07289 0.07289 0.07289 0.07289 0.00000 0.00000 0.00000 0.00000 0.03953 0.03953 0.03953 0.03953 0.06374 0.06374 0.06374 0.06374 0.09014 0.09014 0.09014 0.09014 0.10607 0.10607 0.10607 0.10607 0.06374 0.06374 0.06374 0.06374 0.21360 0.21360 0.21360 0.21360 0.06374 0.06374 0.06374 0.06374
0.10753 0.10753 0.10753 0.05000 0.05000 0.05000 0.05000 0.05000 0.05000 0.05000 0.05000 0.05000 0.05000 0.05000 0.05000 0.03953 0.03953 0.03953 0.03953 0.02500 0.02500 0.02500 0.02500 0.10000 0.10000 0.10000 0.10000 0.10000 0.10000 0.10000 0.10000 0.07289 0.07289 0.07289 0.07289 0.00000 0.00000 0.00000 0.00000 0.03953 0.03953 0.03953 0.03953 0.06374 0.06374 0.06374 0.06374 0.09014 0.09014 0.09014 0.09014 0.10607 0.10607 0.10607 0.10607 0.06374 0.06374 0.06374 0.06374 0.21360 0.21360 0.21360 0.21360 0.06374 0.06374 0.06374 0.06374
0.06374 0.06374 0.06374 0.03953 0.03953 0.03953 0.03953 0.05000 0.05000 0.05000 0.05000 0.03536 0.03536 0.03536 0.03536 0.01768 0.01768 0.01768 0.01768 0.06374 0.06374 0.06374 0.06374 0.09520 0.09520 0.09520 0.09520 0.05000 0.05000 0.05000 0.05000 0.03536 0.03536 0.03536 0.03536 0.03953 0.03953 0.03953 0.03953 0.03953 0.03953 0.03953 0.03953 0.03953 0.03953 0.03953 0.03953 0.08839 0.08839 0.08839 0.08839 0.08839 0.08839 0.08839 0.08839 0.05590 0.05590 0.05590 0.05590 0.24044 0.24044 0.24044 0.24044 0.12374 0.12374 0.12374 0.12374
0.06374 0.06374 0.06374 0.03953 0.03953 0.03953 0.03953 0.05000 0.05000 0.05000 0.05000 0.03536 0.03536 0.03536 0.03536 0.01768 0.01768 0.01768 0.01768 0.06374 0.06374 0.06374 0.06374 0.09520 0.09520 0.09520 0.09520 0.05000 0.05000 0.05000 0.05000 0.03536 0.03536 0.03536 0.03536 0.03953 0.03953 0.03953 0.03953 0.03953 0.03953 0.03953 0.03953 0.03953 0.03953 0.03953 0.03953 0.08839 0.08839 0.08839 0.08839 0.08839 0.08839 0.08839 0.08839 0.05590 0.05590 0.05590 0.05590 0.24044 0.24044 0.24044 0.24044 0.12374 0.12374 0.12374 0.12374
0.06374 0.06374 0.06374 0.03953 0.03953 0.03953 0.03953 0.05000 0.05000 0.05000 0.05000 0.03536 0.03536 0.03536 0.03536 0.01768 0.01768 0.01768 0.01768 0.06374 0.06374 0.06374 0.06374 0.09520 0.09520 0.09520 0.09520 0.05000 0.05000 0.05000 0.05000 0.03536 0.03536 0.03536 0.03536 0.03953 0.03953 0.03953 0.03953 0.03953 0.03953 0.03953 0.03953 0.03953 0.03953 0.03953 0.03953 0.08839 0.08839 0.08839 0.08839 0.08839 0.08839 0.08839 0.08839 0.05590 0.05590 0.05590 0.05590 0.24044 0.24044 0.24044 0.24044 0.12374 0.12374 0.12374 0.12374
0.06374 0.06374 0.06374 0.03953 0.03953 0.03953 0.03953 0.05000 0.05000 0.05000 0.05000 0.03536 0.03536 0.03536 0.03536 0.01768 0.01768 0.01768 0.01768 0.06374 0.06374 0.06374 0.06374 0.09520 0.09520 0.09520 0.09520 0.05000 0.05000 0.05000 0.05000 0.03536 0.03536 0.03536 0.03536 0.03953 0.03953 0.03953 0.03953 0.03953 0.03953 0.03953 0.03953 0.03953 0.03953 0.03953 0.03953 0.08839 0.08839 0.08839 0.08839 0.08839 0.08839 0.08839 0.08839 0.05590 0.05590 0.05590 0.05590 0.24044 0.24044 0.24044 0.24044 0.12374 0.12374 0.12374 0.12374
0.19764 0.19764 0.19764 0.12500 0.12500 0.12500 0.12500 0.05000 0.05000 0.05000 0.05000 0.05303 0.05303 0.05303 0.05303 0.03953 0.03953 0.03953 0.03953 0.06374 0.06374 0.06374 0.06374 0.06374 0.06374 0.06374 0.06374 0.09014 0.09014 0.09014 0.09014 0.05590 0.05590 0.05590 0.05590 0.01768 0.01768 0.01768 0.01768 0.02500 0.02500 0.02500 0.02500 0.05590 0.05590 0.05590 0.05590 0.08839 0.08839 0.08839 0.08839 0.03953 0.03953 0.03953 0.03953 0.20691 0.20691 0.20691 0.20691 0.27042 0.27042 0.27042 0.27042 0.10000 0.10000 0.10000 0.10000
0.19764 0.19764 0.19764 0.12500 0.12500 0.12500 0.12500 0.05000 0.05000 0.05000 0.05000 0.05303 0.05303 0.05303 0.05303 0.03953 0.03953 0.03953 0.03953 0.06374 0.06374 0.06374 0.06374 0.06374 0.06374 0.06374 0.06374 0.09014 0.09014 0.09014 0.09014 0.05590 0.05590 0.05590 0.05590 0.01768 0.01768 0.01768 0.01768 0.02500 0.02500 0.02500 0.02500 0.05590 0.05590 0.05590 0.05590 0.08839 0.08839 0.08839 0.08839 0.03953 0.03953 0.03953 0.03953 0.20691 0.20691 0.20691 0.20691 0.27042 0.27042 0.27042 0.27042 0.10000 0.10000 0.10000 0.10000
0.19764 0.19764 0.19764 0.12500 0.12500 0.12500 0.12500 0.05000 0.05000 0.05000 0.05000 0.05303 0.05303 0.05303 0.05303 0.03953 0.03953 0.03953 0.03953 0.06374 0.06374 0.06374 0.06374 0.06374 0.06374 0.06374 0.06374 0.09014 0.09014 0.09014 0.09014 0.05590 0.05590 0.05590 0.05590 0.01768 0.01768 0.01768 0.01768 0.02500 0.02500 0.02500 0.02500 0.05590 0.05590 0.05590 0.05590 0.08839 0.08839 0.08839 0.08839 0.03953 0.03953 0.03953 0.03953 0.20691 0.20691 0.20691 0.20691 0.27042 0.27042 0.27042 0.27042 0.10000 0.10000 0.10000 0.10000
0.19764 0.19764 0.19764 0.12500 0.12500 0.12500 0.12500 0.05000 0.05000 0.05000 0.05000 0.05303 0.05303 0.05303 0.05303 0.03953 0.03953 0.03953 0.03953 0.06374 0.06374 0.06374 0.06374 0.06374 0.06374 0.06374 0.06374 0.09014 0.09014 0.09014 0.09014 0.05590 0.05590 0.05590 0.05590 0.01768 0.01768 0.01768 0.01768 0.02500 0.02500 0.02500 0.02500 0.05590 0.05590 0.05590 0.05590 0.08839 0.08839 0.08839 0.08839 0.03953 0.03953 0.03953 0.03953 0.20691 0.20691 0.20691 0.20691 0.27042 0.27042 0.27042 0.27042 0.10000 0.10000 0.10000 0.10000
0.22981 0.22981 0.22981 0.18456 0.18456 0.18456 0.18456 0.05000 0.05000 0.05000 0.05000 0.01768 0.01768 0.01768 0.01768 0.02500 0.02500 0.02500 0.02500 0.09520 0.09520 0.09520 0.09520 0.13463 0.13463 0.13463 0.13463 0.05590 0.05590 0.05590 0.05590 0.03953 0.03953 0.03953 0.03953 0.09520 0.09520 0.09520 0.09520 0.12870 0.12870 0.12870 0.12870 0.20156 0.20156 0.20156 0.20156 0.23717 0.23717 0.23717 0.23717 0.19121 0.19121 0.19121 0.19121 0.24044 0.24044 0.24044 0.24044 0.15000 0.15000 0.15000 0.15000 0.02500 0.02500 0.02500 0.02500
0.22981 0.22981 0.22981 0.18456 0.18456 0.18456 0.18456 0.05000 0.05000 0.05000 0.05000 0.01768 0.01768 0.01768 0.01768 0.02500 0.02500 0.02500 0.02500 0.09520 0.09520 0.09520 0.09520 0.13463 0.13463 0.13463 0.13463 0.05590 0.05590 0.05590 0.05590 0.03953 0.03953 0.03953 0.03953 0.09520 0.09520 0.09520 0.09520 0.12870 0.12870 0.12870 0.12870 0.20156 0.20156 0.20156 0.20156 0.23717 0.23717 0.23717 0.23717 0.19121 0.19121 0.19121 0.19121 0.24044 0.24044 0.24044 0.24044 0.15000 0.15000 0.15000 0.15000 0.02500 0.02500 0.02500 0.02500
0.22981 0.22981 0.22981 0.18456 0.18456 0.18456 0.18456 0.05000 0.05000 0.05000 0.05000 0.01768 0.01768 0.01768 0.01768 0.02500 0.02500 0.02500 0.02500 0.09520 0.09520 0.09520 0.09520 0.13463 0.13463 0.13463 0.13463 0.05590 0.05590 0.05590 0.05590 0.03953 0.03953 0.03953 0.03953 0.09520 0.09520 0.09520 0.09520 0.12870 0.12870 0.12870 0.12870 0.20156 0.20156 0.20156 0.20156 0.23717 0.23717 0.23717 0.23717 0.19121 0.19121 0.19121 0.19121 0.24044 0.24044 0.24044 0.24044 0.15000 0.15000 0.15000 0.15000 0.02500 0.02500 0.02500 0.02500
0.22981 0.22981 0.22981 0.18456 0.18456 0.18456 0.18456 0.05000 0.05000 0.05000 0.05000 0.01768 0.01768 0.01768 0.01768 0.02500 0.02500 0.02500 0.02500 0.09520 0.09520 0.09520 0.09520 0.13463 0.13463 0.13463 0.13463 0.05590 0.05590 0.05590 0.05590 0.03953 0.03953 0.03953 0.03953 0.09520 0.09520 0.09520 0.09520 0.12870 0.12870 0.12870 0.12870 0.20156 0.20156 0.20156 0.20156 0.23717 0.23717 0.23717 0.23717 0.19121 0.19121 0.19121 0.19121 0.24044 0.24044 0.24044 0.24044 0.15000 0.15000 0.15000 0.15000 0.02500 0.02500 0.02500 0.02500
0.25495 0.25495 0.25495 0.15811 0.15811 0.15811 0.15811 0.00000 0.00000 0.00000 0.00000 0.05000 0.05000 0.05000 0.05000 0.05000 0.05000 0.05000 0.05000 0.02500 0.02500 0.02500 0.02500 0.07500 0.07500 0.07500 0.07500 0.02500 0.02500 0.02500 0.02500 0.07289 0.07289 0.07289 0.07289 0.08839 0.08839 0.08839 0.08839 0.18456 0.18456 0.18456 0.18456 0.23049 0.23049 0.23049 0.23049 0.19764 0.19764 0.19764 0.19764 0.21360 0.21360 0.21360 0.21360 0.19526 0.19526 0.19526 0.19526 0.07289 0.07289 0.07289 0.07289 0.05590 0.05590 0.05590 0.05590
0.25495 0.25495 0.25495 0.15811 0.15811 0.15811 0.15811 0.00000 0.00000 0.00000 0.00000 0.05000 0.05000 0.05000 0.05000 0.05000 0.05000 0.05000 0.05000 0.02500 0.02500 0.02500 0.02500 0.07500 0.07500 0.07500 0.07500 0.02500 0.02500 0.02500 0.02500 0.07289 0.07289 0.07289 0.07289 0.08839 0.08839 0.08839 0.08839 0.18456 0.18456 0.18456 0.18456 0.23049 0.23049 0.23049 0.23049 0.19764 0.19764 0.19764 0.19764 0.21360 0.21360 0.21360 0.21360 0.19526 0.19526 0.19526 0.19526 0.07289 0.07289 0.07289 0.07289 0.05590 0.05590 0.05590 0.05590
