Example_case_study_data/Budapest/slope_budapest_250.asc
ncols         487
nrows         547
xllcorner     4966250
yllcorner     2686500
cellsize      250
NODATA_value  -9999
[rows 145 to 173 of 547, columns 402 to 468 of 487]
0.83160 0.83160 0.60104 0.60104 0.60104 0.60104 0.35532 0.35532 0.35532 0.35532 0.41117 0.41117 0.41117 0.41117 0.43337 0.43337 0.43337 0.43337 0.28284 0.28284 0.28284 0.28284 0.08839 0.08839 0.08839 0.08839 0.19526 0.19526 0.19526 0.19526 0.19764 0.19764 0.19764 0.19764 0.07906 0.07906 0.07906 0.07906 0.00000 0.00000 0.00000 0.00000 0.00000 0.00000 0.00000 0.00000 0.00000 0.00000 0.00000 0.00000 0.00000 0.00000 0.00000 0.00000 0.00000 0.00000 0.00000 0.00000 0.00000 0.00000 0.00000 0.00000 0.00000 0.00000 0.00000 0.00000 0.00000
0.83160 0.83160 0.60104 0.60104 0.60104 0.60104 0.35532 0.35532 0.35532 0.35532 0.41117 0.41117 0.41117 0.41117 0.43337 0.43337 0.43337 0.43337 0.28284 0.28284 0.28284 0.28284 0.08839 0.08839 0.08839 0.08839 0.19526 0.19526 0.19526 0.19526 0.19764 0.19764 0.19764 0.19764 0.07906 0.07906 0.07906 0.07906 0.00000 0.00000 0.00000 0.00000 0.00000 0.00000 0.00000 0.00000 0.00000 0.00000 0.00000 0.00000 0.00000 0.00000 0.00000 0.00000 0.00000 0.00000 0.00000 0.00000 0.00000 0.00000 0.00000 0.00000 0.00000 0.00000 0.00000 0.00000 0.00000
0.83160 0.83160 0.60104 0.60104 0.60104 0.60104 0.35532 0.35532 0.35532 0.35532 0.41117 0.41117 0.41117 0.41117 0.43337 0.43337 0.43337 0.43337 0.28284 0.28284 0.28284 0.28284 0.08839 0.08839 0.08839 0.08839 0.19526 0.19526 0.19526 0.19526 0.19764 0.19764 0.19764 0.19764 0.07906 0.07906 0.07906 0.07906 0.00000 0.00000 0.00000 0.00000 0.00000 0.00000 0.00000 0.00000 0.00000 0.00000 0.00000 0.00000 0.00000 0.00000 0.00000 0.00000 0.00000 0.00000 0.00000 0.00000 0.00000 0.00000 0.00000 0.00000 0.00000 0.00000 0.00000 0.00000 0.00000
0.85677 0.85677 0.66002 0.66002 0.66002 0.66002 0.48541 0.48541 0.48541 0.48541 0.56569 0.56569 0.56569 0.56569 0.44335 0.44335 0.44335 0.44335 0.07906 0.07906 0.07906 0.07906 0.05000 0.05000 0.05000 0.05000 0.19039 0.19039 0.19039 0.19039 0.32452 0.32452 0.32452 0.32452 0.32500 0.32500 0.32500 0.32500 0.22150 0.22150 0.22150 0.22150 0.00000 0.00000 0.00000 0.00000 0.00000 0.00000 0.00000 0.00000 0.00000 0.00000 0.00000 0.00000 0.00000 0.00000 0.00000 0.00000 0.00000 0.00000 0.00000 0.00000 0.00000 0.00000 0.00000 0.00000 0.00000
0.85677 0.85677 0.66002 0.66002 0.66002 0.66002 0.48541 0.48541 0.48541 0.48541 0.56569 0.56569 0.56569 0.56569 0.44335 0.44335 0.44335 0.44335 0.07906 0.07906 0.07906 0.07906 0.05000 0.05000 0.05000 0.05000 0.19039 0.19039 0.19039 0.19039 0.32452 0.32452 0.32452 0.32452 0.32500 0.32500 0.32500 0.32500 0.22150 0.22150 0.22150 0.22150 0.00000 0.00000 0.00000 0.00000 0.00000 0.00000 0.00000 0.00000 0.00000 0.00000 0.00000 0.00000 0.00000 0.00000 0.00000 0.00000 0.00000 0.00000 0.00000 0.00000 0.00000 0.00000 0.00000 0.00000 0.00000
0.85677 0.85677 0.66002 0.66002 0.66002 0.66002 0.48541 0.48541 0.48541 0.48541 0.56569 0.56569 0.56569 0.56569 0.44335 0.44335 0.44335 0.44335 0.07906 0.07906 0.07906 0.07906 0.05000 0.05000 0.05000 0.05000 0.19039 0.19039 0.19039 0.19039 0.32452 0.32452 0.32452 0.32452 0.32500 0.32500 0.32500 0.32500 0.22150 0.22150 0.22150 0.22150 0.00000 0.00000 0.00000 0.00000 0.00000 0.00000 0.00000 0.00000 0.00000 0.00000 0.00000 0.00000 0.00000 0.00000 0.00000 0.00000 0.00000 0.00000 0.00000 0.00000 0.00000 0.00000 0.00000 0.00000 0.00000
0.85677 0.85677 0.66002 0.66002 0.66002 0.66002 0.48541 0.48541 0.48541 0.48541 0.56569 0.56569 0.56569 0.56569 0.44335 0.44335 0.44335 0.44335 0.07906 0.07906 0.07906 0.07906 0.05000 0.05000 0.05000 0.05000 0.19039 0.19039 0.19039 0.19039 0.32452 0.32452 0.32452 0.32452 0.32500 0.32500 0.32500 0.32500 0.22150 0.22150 0.22150 0.22150 0.00000 0.00000 0.00000 0.00000 0.00000 0.00000 0.00000 0.00000 0.00000 0.00000 0.00000 0.00000 0.00000 0.00000 0.00000 0.00000 0.00000 0.00000 0.00000 0.00000 0.00000 0.00000 0.00000 0.00000 0.00000
0.77962 0.77962 0.57987 0.57987 0.57987 0.57987 0.55481 0.55481 0.55481 0.55481 0.54228 0.54228 0.54228 0.54228 0.22361 0.22361 0.22361 0.22361 0.14577 0.14577 0.14577 0.14577 0.10607 0.10607 0.10607 0.10607 0.23717 0.23717 0.23717 0.23717 0.20156 0.20156 0.20156 0.20156 0.34821 0.34821 0.34821 0.34821 0.26101 0.26101 0.26101 0.26101 0.00000 0.00000 0.00000 0.00000 0.00000 0.00000 0.00000 0.00000 0.00000 0.00000 0.00000 0.00000 0.00000 0.00000 0.00000 0.00000 0.00000 0.00000 0.00000 0.00000 0.00000 0.00000 0.00000 0.00000 0.00000
0.77962 0.77962 0.57987 0.57987 0.57987 0.57987 0.55481 0.55481 0.55481 0.55481 0.54228 0.54228 0.54228 0.54228 0.22361 0.22361 0.22361 0.22361 0.14577 0.14577 0.14577 0.14577 0.10607 0.10607 0.10607 0.10607 0.23717 0.23717 0.23717 0.23717 0.20156 0.20156 0.20156 0.20156 0.34821 0.34821 0.34821 0.34821 0.26101 0.26101 0.26101 0.26101 0.00000 0.00000 0.00000 0.00000 0.00000 0.00000 0.00000 0.00000 0.00000 0.00000 0.00000 0.00000 0.00000 0.00000 0.00000 0.00000 0.00000 0.00000 0.00000 0.00000 0.00000 0.00000 0.00000 0.00000 0.00000
0.77962 0.77962 0.57987 0.57987 0.57987 0.57987 0.55481 0.55481 0.55481 0.55481 0.54228 0.54228 0.54228 0.54228 0.22361 0.22361 0.22361 0.22361 0.14577 0.14577 0.14577 0.14577 0.10607 0.10607 0.10607 0.10607 0.23717 0.23717 0.23717 0.23717 0.20156 0.20156 0.20156 0.20156 0.34821 0.34821 0.34821 0.34821 0.26101 0.26101 0.26101 0.26101 0.00000 0.00000 0.00000 0.00000 0.00000 0.00000 0.00000 0.00000 0.00000 0.00000 0.00000 0.00000 0.00000 0.00000 0.00000 0.00000 0.00000 0.00000 0.00000 0.00000 0.00000 0.00000 0.00000 0.00000 0.00000
0.77962 0.77962 0.57987 0.57987 0.57987 0.57987 0.55481 0.55481 0.55481 0.55481 0.54228 0.54228 0.54228 0.54228 0.22361 0.22361 0.22361 0.22361 0.14577 0.14577 0.14577 0.14577 0.10607 0.10607 0.10607 0.10607 0.23717 0.23717 0.23717 0.23717 0.20156 0.20156 0.20156 0.20156 0.34821 0.34821 0.34821 0.34821 0.26101 0.26101 0.26101 0.26101 0.00000 0.00000 0.00000 0.00000 0.00000 0.00000 0.00000 0.00000 0.00000 0.00000 0.00000 0.00000 0.00000 0.00000 0.00000 0.00000 0.00000 0.00000 0.00000 0.00000 0.00000 0.00000 0.00000 0.00000 0.00000
0.62700 0.62700 0.54458 0.54458 0.54458 0.54458 0.49906 0.49906 0.49906 0.49906 0.33773 0.33773 0.33773 0.33773 0.24559 0.24559 0.24559 0.24559 0.24622 0.24622 0.24622 0.24622 0.18792 0.18792 0.18792 0.18792 0.20691 0.20691 0.20691 0.20691 0.11319 0.11319 0.11319 0.11319 0.10000 0.10000 0.10000 0.10000 0.03953 0.03953 0.03953 0.03953 0.00000 0.00000 0.00000 0.00000 0.00000 0.00000 0.00000 0.00000 0.00000 0.00000 0.00000 0.00000 0.00000 0.00000 0.00000 0.00000 0.00000 0.00000 0.00000 0.00000 0.00000 0.00000 0.00000 0.00000 0.00000
0.62700 0.62700 0.54458 0.54458 0.54458 0.54458 0.49906 0.49906 0.49906 0.49906 0.33773 0.33773 0.33773 0.33773 0.24559 0.24559 0.24559 0.24559 0.24622 0.24622 0.24622 0.24622 0.18792 0.18792 0.18792 0.18792 0.20691 0.20691 0.20691 0.20691 0.11319 0.11319 0.11319 0.11319 0.10000 0.10000 0.10000 0.10000 0.03953 0.03953 0.03953 0.03953 0.00000 0.00000 0.00000 0.00000 0.00000 0.00000 0.00000 0.00000 0.00000 0.00000 0.00000 0.00000 0.00000 0.00000 0.00000 0.00000 0.00000 0.00000 0.00000 0.00000 0.00000 0.00000 0.00000 0.00000 0.00000
0.62700 0.62700 0.54458 0.54458 0.54458 0.54458 0.49906 0.49906 0.49906 0.49906 0.33773 0.33773 0.33773 0.33773 0.24559 0.24559 0.24559 0.24559 0.24622 0.24622 0.24622 0.24622 0.18792 0.18792 0.18792 0.18792 0.20691 0.20691 0.20691 0.20691 0.11319 0.11319 0.11319 0.11319 0.10000 0.10000 0.10000 0.10000 0.03953 0.03953 0.03953 0.03953 0.00000 0.00000 0.00000 0.00000 0.00000 0.00000 0.00000 0.00000 0.00000 0.00000 0.00000 0.00000 0.00000 0.00000 0.00000 0.00000 0.00000 0.00000 0.00000 0.00000 0.00000 0.00000 0.00000 0.00000 0.00000
0.62700 0.62700 0.54458 0.54458 0.54458 0.54458 0.49906 0.49906 0.49906 0.49906 0.33773 0.33773 0.33773 0.33773 0.24559 0.24559 0.24559 0.24559 0.24622 0.24622 0.24622 0.24622 0.18792 0.18792 0.18792 0.18792 0.20691 0.20691 0.20691 0.20691 0.11319 0.11319 0.11319 0.11319 0.10000 0.10000 0.10000 0.10000 0.03953 0.03953 0.03953 0.03953 0.00000 0.00000 0.00000 0.00000 0.00000 0.00000 0.00000 0.00000 0.00000 0.00000 0.00000 0.00000 0.00000 0.00000 0.00000 0.00000 0.00000 0.00000 0.00000 0.00000 0.00000 0.00000 0.00000 0.00000 0.00000
0.10753 0.10753 0.19764 0.19764 0.19764 0.19764 0.14252 0.14252 0.14252 0.14252 0.09014 0.09014 0.09014 0.09014 0.08839 0.08839 0.08839 0.08839 0.14252 0.14252 0.14252 0.14252 0.21287 0.21287 0.21287 0.21287 0.14252 0.14252 0.14252 0.14252 0.05000 0.05000 0.05000 0.05000 0.06374 0.06374 0.06374 0.06374 0.09520 0.09520 0.09520 0.09520 0.00000 0.00000 0.00000 0.00000 0.00000 0.00000 0.00000 0.00000 0.00000 0.00000 0.00000 0.00000 0.00000 0.00000 0.00000 0.00000 0.00000 0.00000 0.00000 0.00000 0.00000 0.00000 0.00000 0.00000 0.00000
0.10753 0.10753 0.19764 0.19764 0.19764 0.19764 0.14252 0.14252 0.14252 0.14252 0.09014 0.09014 0.09014 0.09014 0.08839 0.08839 0.08839 0.08839 0.14252 0.14252 0.14252 0.14252 0.21287 0.21287 0.21287 0.21287 0.14252 0.14252 0.14252 0.14252 0.05000 0.05000 0.05000 0.05000 0.06374 0.06374 0.06374 0.06374 0.09520 0.09520 0.09520 0.09520 0.00000 0.00000 0.00000 0.00000 0.00000 0.00000 0.00000 0.00000 0.00000 0.00000 0.00000 0.00000 0.00000 0.00000 0.00000 0.00000 0.00000 0.00000 0.00000 0.00000 0.00000 0.00000 0.00000 0.00000 0.00000
0.10753 0.10753 0.19764 0.19764 0.19764 0.19764 0.14252 0.14252 0.14252 0.14252 0.09014 0.09014 0.09014 0.09014 0.08839 0.08839 0.08839 0.08839 0.14252 0.14252 0.14252 0.14252 0.21287 0.21287 0.21287 0.21287 0.14252 0.14252 0.14252 0.14252 0.05000 0.05000 0.05000 0.05000 0.06374 0.06374 0.06374 0.06374 0.09520 0.09520 0.09520 0.09520 0.00000 0.00000 0.00000 0.00000 0.00000 0.00000 0.00000 0.00000 0.00000 0.00000 0.00000 0.00000 0.00000 0.00000 0.00000 0.00000 0.00000 0.00000 0.00000 0.00000 0.00000 0.00000 0.00000 0.00000 0.00000
0.10753 0.10753 0.19764 0.19764 0.19764 0.19764 0.14252 0.14252 0.14252 0.14252 0.09014 0.09014 0.09014 0.09014 0.08839 0.08839 0.08839 0.08839 0.14252 0.14252 0.14252 0.14252 0.21287 0.21287 0.21287 0.21287 0.14252 0.14252 0.14252 0.14252 0.05000 0.05000 0.05000 0.05000 0.06374 0.06374 0.06374 0.06374 0.09520 0.09520 0.09520 0.09520 0.00000 0.00000 0.00000 0.00000 0.00000 0.00000 0.00000 0.00000 0.00000 0.00000 0.00000 0.00000 0.00000 0.00000 0.00000 0.00000 0.00000 0.00000 0.00000 0.00000 0.00000 0.00000 0.00000 0.00000 0.00000
0.32259 0.32259 0.07071 0.07071 0.07071 0.07071 0.07289 0.07289 0.07289 0.07289 0.11859 0.11859 0.11859 0.11859 0.18792 0.18792 0.18792 0.18792 0.17678 0.17678 0.17678 0.17678 0.08839 0.08839 0.08839 0.08839 0.03953 0.03953 0.03953 0.03953 0.09014 0.09014 0.09014 0.09014 0.16298 0.16298 0.16298 0.16298 0.13807 0.13807 0.13807 0.13807 0.00000 0.00000 0.00000 0.00000 0.00000 0.00000 0.00000 0.00000 0.00000 0.00000 0.00000 0.00000 0.00000 0.00000 0.00000 0.00000 0.00000 0.00000 0.00000 0.00000 0.00000 0.00000 0.00000 0.00000 0.00000
0.32259 0.32259 0.07071 0.07071 0.07071 0.07071 0.07289 0.07289 0.07289 0.07289 0.11859 0.11859 0.11859 0.11859 0.18792 0.18792 0.18792 0.18792 0.17678 0.17678 0.17678 0.17678 0.08839 0.08839 0.08839 0.08839 0.03953 0.03953 0.03953 0.03953 0.09014 0.09014 0.09014 0.09014 0.16298 0.16298 0.16298 0.16298 0.13807 0.13807 0.13807 0.13807 0.00000 0.00000 0.00000 0.00000 0.00000 0.00000 0.00000 0.00000 0.00000 0.00000 0.00000 0.00000 0.00000 0.00000 0.00000 0.00000 0.00000 0.00000 0.00000 0.00000 0.00000 0.00000 0.00000 0.00000 0.00000
0.32259 0.32259 0.07071 0.07071 0.07071 0.07071 0.07289 0.07289 0.07289 0.07289 0.11859 0.11859 0.11859 0.11859 0.18792 0.18792 0.18792 0.18792 0.17678 0.17678 0.17678 0.17678 0.08839 0.08839 0.08839 0.08839 0.03953 0.03953 0.03953 0.03953 0.09014 0.09014 0.09014 0.09014 0.16298 0.16298 0.16298 0.16298 0.13807 0.13807 0.13807 0.13807 0.00000 0.00000 0.00000 0.00000 0.00000 0.00000 0.00000 0.00000 0.00000 0.00000 0.00000 0.00000 0.00000 0.00000 0.00000 0.00000 0.00000 0.00000 0.00000 0.00000 0.00000 0.00000 0.00000 0.00000 0.00000
0.32259 0.32259 0.07071 0.07071 0.07071 0.07071 0.07289 0.07289 0.07289 0.07289 0.11859 0.11859 0.11859 0.11859 0.18792 0.18792 0.18792 0.18792 0.17678 0.17678 0.17678 0.17678 0.08839 0.08839 0.08839 0.08839 0.03953 0.03953 0.03953 0.03953 0.09014 0.09014 0.09014 0.09014 0.16298 0.16298 0.16298 0.16298 0.13807 0.13807 0.13807 0.13807 0.00000 0.00000 0.00000 0.00000 0.00000 0.00000 0.00000 0.00000 0.00000 0.00000 0.00000 0.00000 0.00000 0.00000 0.00000 0.00000 0.00000 0.00000 0.00000 0.00000 0.00000 0.00000 0.00000 0.00000 0.00000
0.38243 0.38243 0.10000 0.10000 0.10000 0.10000 0.07071 0.07071 0.07071 0.07071 0.07071 0.07071 0.07071 0.07071 0.15104 0.15104 0.15104 0.15104 0.17766 0.17766 0.17766 0.17766 0.16298 0.16298 0.16298 0.16298 0.01768 0.01768 0.01768 0.01768 0.14252 0.14252 0.14252 0.14252 0.07289 0.07289 0.07289 0.07289 0.08839 0.08839 0.08839 0.08839 0.00000 0.00000 0.00000 0.00000 0.00000 0.00000 0.00000 0.00000 0.00000 0.00000 0.00000 0.00000 0.00000 0.00000 0.00000 0.00000 0.00000 0.00000 0.00000 0.00000 0.00000 0.00000 0.00000 0.00000 0.00000
0.38243 0.38243 0.10000 0.10000 0.10000 0.10000 0.07071 0.07071 0.07071 0.07071 0.07071 0.07071 0.07071 0.07071 0.15104 0.15104 0.15104 0.15104 0.17766 0.17766 0.17766 0.17766 0.16298 0.16298 0.16298 0.16298 0.01768 0.01768 0.01768 0.01768 0.14252 0.14252 0.14252 0.14252 0.07289 0.07289 0.07289 0.07289 0.08839 0.08839 0.08839 0.08839 0.00000 0.00000 0.00000 0.00000 0.00000 0.00000 0.00000 0.00000 0.00000 0.00000 0.00000 0.00000 0.00000 0.00000 0.00000 0.00000 0.00000 0.00000 0.00000 0.00000 0.00000 0.00000 0.00000 0.00000 0.00000
0.38243 0.38243 0.10000 0.10000 0.10000 0.10000 0.07071 0.07071 0.07071 0.07071 0.07071 0.07071 0.07071 0.07071 0.15104 0.15104 0.15104 0.15104 0.17766 0.17766 0.17766 0.17766 0.16298 0.16298 0.16298 0.16298 0.01768 0.01768 0.01768 0.01768 0.14252 0.14252 0.14252 0.14252 0.07289 0.07289 0.07289 0.07289 0.08839 0.08839 0.08839 0.08839 0.00000 0.00000 0.00000 0.00000 0.00000 0.00000 0.00000 0.00000 0.00000 0.00000 0.00000 0.00000 0.00000 0.00000 0.00000 0.00000 0.00000 0.00000 0.00000 0.00000 0.00000 0.00000 0.00000 0.00000 0.00000
0.38243 0.38243 0.10000 0.10000 0.10000 0.10000 0.07071 0.07071 0.07071 0.07071 0.07071 0.07071 0.07071 0.07071 0.15104 0.15104 0.15104 0.15104 0.17766 0.17766 0.17766 0.17766 0.16298 0.16298 0.16298 0.16298 0.01768 0.01768 0.01768 0.01768 0.14252 0.14252 0.14252 0.14252 0.07289 0.07289 0.07289 0.07289 0.08839 0.08839 0.08839 0.08839 0.00000 0.00000 0.00000 0.00000 0.00000 0.00000 0.00000 0.00000 0.00000 0.00000 0.00000 0.00000 0.00000 0.00000 0.00000 0.00000 0.00000 0.00000 0.00000 0.00000 0.00000 0.00000 0.00000 0.00000 0.00000
0.43732 0.43732 0.15811 0.15811 0.15811 0.15811 0.10000 0.10000 0.10000 0.10000 0.14142 0.14142 0.14142 0.14142 0.15811 0.15811 0.15811 0.15811 0.20000 0.20000 0.20000 0.20000 0.15811 0.15811 0.15811 0.15811 0.10000 0.10000 0.10000 0.10000 0.13463 0.13463 0.13463 0.13463 0.07289 0.07289 0.07289 0.07289 0.19039 0.19039 0.19039 0.19039 0.00000 0.00000 0.00000 0.00000 0.00000 0.00000 0.00000 0.00000 0.00000 0.00000 0.00000 0.00000 0.00000 0.00000 0.00000 0.00000 0.00000 0.00000 0.00000 0.00000 0.00000 0.00000 0.00000 0.00000 0.00000
0.43732 0.43732 0.15811 0.15811 0.15811 0.15811 0.10000 0.10000 0.10000 0.10000 0.14142 0.14142 0.14142 0.14142 0.15811 0.15811 0.15811 0.15811 0.20000 0.20000 0.20000 0.20000 0.15811 0.15811 0.15811 0.15811 0.10000 0.10000 0.10000 0.10000 0.13463 0.13463 0.13463 0.13463 0.07289 0.07289 0.07289 0.07289 0.19039 0.19039 0.19039 0.19039 0.00000 0.00000 0.00000 0.00000 0.00000 0.00000 0.00000 0.00000 0.00000 0.00000 0.00000 0.00000 0.00000 0.00000 0.00000 0.00000 0.00000 0.00000 0.00000 0.00000 0.00000 0.00000 0.00000 0.00000 0.00000
