Example_case_study_data/Budapest/slope_budapest_250.asc
ncols         487
nrows         547
xllcorner     4966250
yllcorner     2686500
cellsize      250
NODATA_value  -9999
[rows 348 to 376 of 547, columns 268 to 334 of 487]
0.28559 0.28559 0.28559 0.28559 0.88900 0.88900 0.88900 0.88900 1.28574 1.28574 1.28574 1.28574 0.57118 0.57118 0.57118 0.57118 0.47599 0.47599 0.47599 0.47599 0.44194 0.44194 0.44194 0.44194 0.57906 0.57906 0.57906 0.57906 0.60828 0.60828 0.60828 0.60828 0.64275 0.64275 0.64275 0.64275 0.49022 0.49022 0.49022 0.49022 0.21287 0.21287 0.21287 0.21287 0.26984 0.26984 0.26984 0.26984 0.42573 0.42573 0.42573 0.42573 0.08839 0.08839 0.08839 0.08839 0.11859 0.11859 0.11859 0.11859 0.12748 0.12748 0.12748 0.12748 0.07071 0.07071 0.07071
0.28559 0.28559 0.28559 0.28559 0.88900 0.88900 0.88900 0.88900 1.28574 1.28574 1.28574 1.28574 0.57118 0.57118 0.57118 0.57118 0.47599 0.47599 0.47599 0.47599 0.44194 0.44194 0.44194 0.44194 0.57906 0.57906 0.57906 0.57906 0.60828 0.60828 0.60828 0.60828 0.64275 0.64275 0.64275 0.64275 0.49022 0.49022 0.49022 0.49022 0.21287 0.21287 0.21287 0.21287 0.26984 0.26984 0.26984 0.26984 0.42573 0.42573 0.42573 0.42573 0.08839 0.08839 0.08839 0.08839 0.11859 0.11859 0.11859 0.11859 0.12748 0.12748 0.12748 0.12748 0.07071 0.07071 0.07071
0.28559 0.28559 0.28559 0.28559 0.88900 0.88900 0.88900 0.88900 1.28574 1.28574 1.28574 1.28574 0.57118 0.57118 0.57118 0.57118 0.47599 0.47599 0.47599 0.47599 0.44194 0.44194 0.44194 0.44194 0.57906 0.57906 0.57906 0.57906 0.60828 0.60828 0.60828 0.60828 0.64275 0.64275 0.64275 0.64275 0.49022 0.49022 0.49022 0.49022 0.21287 0.21287 0.21287 0.21287 0.26984 0.26984 0.26984 0.26984 0.42573 0.42573 0.42573 0.42573 0.08839 0.08839 0.08839 0.08839 0.11859 0.11859 0.11859 0.11859 0.12748 0.12748 0.12748 0.12748 0.07071 0.07071 0.07071
0.28559 0.28559 0.28559 0.28559 0.88900 0.88900 0.88900 0.88900 1.28574 1.28574 1.28574 1.28574 0.57118 0.57118 0.57118 0.57118 0.47599 0.47599 0.47599 0.47599 0.44194 0.44194 0.44194 0.44194 0.57906 0.57906 0.57906 0.57906 0.60828 0.60828 0.60828 0.60828 0.64275 0.64275 0.64275 0.64275 0.49022 0.49022 0.49022 0.49022 0.21287 0.21287 0.21287 0.21287 0.26984 0.26984 0.26984 0.26984 0.42573 0.42573 0.42573 0.42573 0.08839 0.08839 0.08839 0.08839 0.11859 0.11859 0.11859 0.11859 0.12748 0.12748 0.12748 0.12748 0.07071 0.07071 0.07071
0.18792 0.18792 0.18792 0.18792 0.65503 0.65503 0.65503 0.65503 1.29047 1.29047 1.29047 1.29047 1.10750 1.10750 1.10750 1.10750 0.81336 0.81336 0.81336 0.81336 0.61288 0.61288 0.61288 0.61288 0.44230 0.44230 0.44230 0.44230 0.50000 0.50000 0.50000 0.50000 0.68237 0.68237 0.68237 0.68237 0.47762 0.47762 0.47762 0.47762 0.14252 0.14252 0.14252 0.14252 0.20616 0.20616 0.20616 0.20616 0.40311 0.40311 0.40311 0.40311 0.15811 0.15811 0.15811 0.15811 0.13807 0.13807 0.13807 0.13807 0.07500 0.07500 0.07500 0.07500 0.12500 0.12500 0.12500
0.18792 0.18792 0.18792 0.18792 0.65503 0.65503 0.65503 0.65503 1.29047 1.29047 1.29047 1.29047 1.10750 1.10750 1.10750 1.10750 0.81336 0.81336 0.81336 0.81336 0.61288 0.61288 0.61288 0.61288 0.44230 0.44230 0.44230 0.44230 0.50000 0.50000 0.50000 0.50000 0.68237 0.68237 0.68237 0.68237 0.47762 0.47762 0.47762 0.47762 0.14252 0.14252 0.14252 0.14252 0.20616 0.20616 0.20616 0.20616 0.40311 0.40311 0.40311 0.40311 0.15811 0.15811 0.15811 0.15811 0.13807 0.13807 0.13807 0.13807 0.07500 0.07500 0.07500 0.07500 0.12500 0.12500 0.12500
0.18792 0.18792 0.18792 0.18792 0.65503 0.65503 0.65503 0.65503 1.29047 1.29047 1.29047 1.29047 1.10750 1.10750 1.10750 1.10750 0.81336 0.81336 0.81336 0.81336 0.61288 0.61288 0.61288 0.61288 0.44230 0.44230 0.44230 0.44230 0.50000 0.50000 0.50000 0.50000 0.68237 0.68237 0.68237 0.68237 0.47762 0.47762 0.47762 0.47762 0.14252 0.14252 0.14252 0.14252 0.20616 0.20616 0.20616 0.20616 0.40311 0.40311 0.40311 0.40311 0.15811 0.15811 0.15811 0.15811 0.13807 0.13807 0.13807 0.13807 0.07500 0.07500 0.07500 0.07500 0.12500 0.12500 0.12500
0.18792 0.18792 0.18792 0.18792 0.65503 0.65503 0.65503 0.65503 1.29047 1.29047 1.29047 1.29047 1.10750 1.10750 1.10750 1.10750 0.81336 0.81336 0.81336 0.81336 0.61288 0.61288 0.61288 0.61288 0.44230 0.44230 0.44230 0.44230 0.50000 0.50000 0.50000 0.50000 0.68237 0.68237 0.68237 0.68237 0.47762 0.47762 0.47762 0.47762 0.14252 0.14252 0.14252 0.14252 0.20616 0.20616 0.20616 0.20616 0.40311 0.40311 0.40311 0.40311 0.15811 0.15811 0.15811 0.15811 0.13807 0.13807 0.13807 0.13807 0.07500 0.07500 0.07500 0.07500 0.12500 0.12500 0.12500
0.11859 0.11859 0.11859 0.11859 0.24559 0.24559 0.24559 0.24559 0.79057 0.79057 0.79057 0.79057 1.02865 1.02865 1.02865 1.02865 0.88265 0.88265 0.88265 0.88265 0.75042 0.75042 0.75042 0.75042 0.58870 0.58870 0.58870 0.58870 0.18456 0.18456 0.18456 0.18456 0.59634 0.59634 0.59634 0.59634 0.72500 0.72500 0.72500 0.72500 0.42757 0.42757 0.42757 0.42757 0.33354 0.33354 0.33354 0.33354 0.37583 0.37583 0.37583 0.37583 0.11859 0.11859 0.11859 0.11859 0.20156 0.20156 0.20156 0.20156 0.11319 0.11319 0.11319 0.11319 0.00000 0.00000 0.00000
0.11859 0.11859 0.11859 0.11859 0.24559 0.24559 0.24559 0.24559 0.79057 0.79057 0.79057 0.79057 1.02865 1.02865 1.02865 1.02865 0.88265 0.88265 0.88265 0.88265 0.75042 0.75042 0.75042 0.75042 0.58870 0.58870 0.58870 0.58870 0.18456 0.18456 0.18456 0.18456 0.59634 0.59634 0.59634 0.59634 0.72500 0.72500 0.72500 0.72500 0.42757 0.42757 0.42757 0.42757 0.33354 0.33354 0.33354 0.33354 0.37583 0.37583 0.37583 0.37583 0.11859 0.11859 0.11859 0.11859 0.20156 0.20156 0.20156 0.20156 0.11319 0.11319 0.11319 0.11319 0.00000 0.00000 0.00000
0.11859 0.11859 0.11859 0.11859 0.24559 0.24559 0.24559 0.24559 0.79057 0.79057 0.79057 0.79057 1.02865 1.02865 1.02865 1.02865 0.88265 0.88265 0.88265 0.88265 0.75042 0.75042 0.75042 0.75042 0.58870 0.58870 0.58870 0.58870 0.18456 0.18456 0.18456 0.18456 0.59634 0.59634 0.59634 0.59634 0.72500 0.72500 0.72500 0.72500 0.42757 0.42757 0.42757 0.42757 0.33354 0.33354 0.33354 0.33354 0.37583 0.37583 0.37583 0.37583 0.11859 0.11859 0.11859 0.11859 0.20156 0.20156 0.20156 0.20156 0.11319 0.11319 0.11319 0.11319 0.00000 0.00000 0.00000
0.11859 0.11859 0.11859 0.11859 0.24559 0.24559 0.24559 0.24559 0.79057 0.79057 0.79057 0.79057 1.02865 1.02865 1.02865 1.02865 0.88265 0.88265 0.88265 0.88265 0.75042 0.75042 0.75042 0.75042 0.58870 0.58870 0.58870 0.58870 0.18456 0.18456 0.18456 0.18456 0.59634 0.59634 0.59634 0.59634 0.72500 0.72500 0.72500 0.72500 0.42757 0.42757 0.42757 0.42757 0.33354 0.33354 0.33354 0.33354 0.37583 0.37583 0.37583 0.37583 0.11859 0.11859 0.11859 0.11859 0.20156 0.20156 0.20156 0.20156 0.11319 0.11319 0.11319 0.11319 0.00000 0.00000 0.00000
0.14252 0.14252 0.14252 0.14252 0.15000 0.15000 0.15000 0.15000 0.18456 0.18456 0.18456 0.18456 0.51021 0.51021 0.51021 0.51021 0.69575 0.69575 0.69575 0.69575 0.63295 0.63295 0.63295 0.63295 0.51478 0.51478 0.51478 0.51478 0.43048 0.43048 0.43048 0.43048 0.25495 0.25495 0.25495 0.25495 0.74246 0.74246 0.74246 0.74246 0.67754 0.67754 0.67754 0.67754 0.57717 0.57717 0.57717 0.57717 0.36785 0.36785 0.36785 0.36785 0.09520 0.09520 0.09520 0.09520 0.15207 0.15207 0.15207 0.15207 0.03953 0.03953 0.03953 0.03953 0.08839 0.08839 0.08839
0.14252 0.14252 0.14252 0.14252 0.15000 0.15000 0.15000 0.15000 0.18456 0.18456 0.18456 0.18456 0.51021 0.51021 0.51021 0.51021 0.69575 0.69575 0.69575 0.69575 0.63295 0.63295 0.63295 0.63295 0.51478 0.51478 0.51478 0.51478 0.43048 0.43048 0.43048 0.43048 0.25495 0.25495 0.25495 0.25495 0.74246 0.74246 0.74246 0.74246 0.67754 0.67754 0.67754 0.67754 0.57717 0.57717 0.57717 0.57717 0.36785 0.36785 0.36785 0.36785 0.09520 0.09520 0.09520 0.09520 0.15207 0.15207 0.15207 0.15207 0.03953 0.03953 0.03953 0.03953 0.08839 0.08839 0.08839
0.14252 0.14252 0.14252 0.14252 0.15000 0.15000 0.15000 0.15000 0.18456 0.18456 0.18456 0.18456 0.51021 0.51021 0.51021 0.51021 0.69575 0.69575 0.69575 0.69575 0.63295 0.63295 0.63295 0.63295 0.51478 0.51478 0.51478 0.51478 0.43048 0.43048 0.43048 0.43048 0.25495 0.25495 0.25495 0.25495 0.74246 0.74246 0.74246 0.74246 0.67754 0.67754 0.67754 0.67754 0.57717 0.57717 0.57717 0.57717 0.36785 0.36785 0.36785 0.36785 0.09520 0.09520 0.09520 0.09520 0.15207 0.15207 0.15207 0.15207 0.03953 0.03953 0.03953 0.03953 0.08839 0.08839 0.08839
0.14252 0.14252 0.14252 0.14252 0.15000 0.15000 0.15000 0.15000 0.18456 0.18456 0.18456 0.18456 0.51021 0.51021 0.51021 0.51021 0.69575 0.69575 0.69575 0.69575 0.63295 0.63295 0.63295 0.63295 0.51478 0.51478 0.51478 0.51478 0.43048 0.43048 0.43048 0.43048 0.25495 0.25495 0.25495 0.25495 0.74246 0.74246 0.74246 0.74246 0.67754 0.67754 0.67754 0.67754 0.57717 0.57717 0.57717 0.57717 0.36785 0.36785 0.36785 0.36785 0.09520 0.09520 0.09520 0.09520 0.15207 0.15207 0.15207 0.15207 0.03953 0.03953 0.03953 0.03953 0.08839 0.08839 0.08839
0.11319 0.11319 0.11319 0.11319 0.16677 0.16677 0.16677 0.16677 0.07289 0.07289 0.07289 0.07289 0.10000 0.10000 0.10000 0.10000 0.26926 0.26926 0.26926 0.26926 0.36443 0.36443 0.36443 0.36443 0.45962 0.45962 0.45962 0.45962 0.69642 0.69642 0.69642 0.69642 0.33958 0.33958 0.33958 0.33958 0.50990 0.50990 0.50990 0.50990 0.70401 0.70401 0.70401 0.70401 0.58843 0.58843 0.58843 0.58843 0.43661 0.43661 0.43661 0.43661 0.19039 0.19039 0.19039 0.19039 0.20616 0.20616 0.20616 0.20616 0.14577 0.14577 0.14577 0.14577 0.08839 0.08839 0.08839
0.11319 0.11319 0.11319 0.11319 0.16677 0.16677 0.16677 0.16677 0.07289 0.07289 0.07289 0.07289 0.10000 0.10000 0.10000 0.10000 0.26926 0.26926 0.26926 0.26926 0.36443 0.36443 0.36443 0.36443 0.45962 0.45962 0.45962 0.45962 0.69642 0.69642 0.69642 0.69642 0.33958 0.33958 0.33958 0.33958 0.50990 0.50990 0.50990 0.50990 0.70401 0.70401 0.70401 0.70401 0.58843 0.58843 0.58843 0.58843 0.43661 0.43661 0.43661 0.43661 0.19039 0.19039 0.19039 0.19039 0.20616 0.20616 0.20616 0.20616 0.14577 0.14577 0.14577 0.14577 0.08839 0.08839 0.08839
0.11319 0.11319 0.11319 0.11319 0.16677 0.16677 0.16677 0.16677 0.07289 0.07289 0.07289 0.07289 0.10000 0.10000 0.10000 0.10000 0.26926 0.26926 0.26926 0.26926 0.36443 0.36443 0.36443 0.36443 0.45962 0.45962 0.45962 0.45962 0.69642 0.69642 0.69642 0.69642 0.33958 0.33958 0.33958 0.33958 0.50990 0.50990 0.50990 0.50990 0.70401 0.70401 0.70401 0.70401 0.58843 0.58843 0.58843 0.58843 0.43661 0.43661 0.43661 0.43661 0.19039 0.19039 0.19039 0.19039 0.20616 0.20616 0.20616 0.20616 0.14577 0.14577 0.14577 0.14577 0.08839 0.08839 0.08839
0.11319 0.11319 0.11319 0.11319 0.16677 0.16677 0.16677 0.16677 0.07289 0.07289 0.07289 0.07289 0.10000 0.10000 0.10000 0.10000 0.26926 0.26926 0.26926 0.26926 0.36443 0.36443 0.36443 0.36443 0.45962 0.45962 0.45962 0.45962 0.69642 0.69642 0.69642 0.69642 0.33958 0.33958 0.33958 0.33958 0.50990 0.50990 0.50990 0.50990 0.70401 0.70401 0.70401 0.70401 0.58843 0.58843 0.58843 0.58843 0.43661 0.43661 0.43661 0.43661 0.19039 0.19039 0.19039 0.19039 0.20616 0.20616 0.20616 0.20616 0.14577 0.14577 0.14577 0.14577 0.08839 0.08839 0.08839
0.11180 0.11180 0.11180 0.11180 0.10308 0.10308 0.10308 0.10308 0.12748 0.12748 0.12748 0.12748 0.07906 0.07906 0.07906 0.07906 0.05000 0.05000 0.05000 0.05000 0.12374 0.12374 0.12374 0.12374 0.35532 0.35532 0.35532 0.35532 0.80700 0.80700 0.80700 0.80700 0.53062 0.53062 0.53062 0.53062 0.53968 0.53968 0.53968 0.53968 0.71107 0.71107 0.71107 0.71107 0.40000 0.40000 0.40000 0.40000 0.39726 0.39726 0.39726 0.39726 0.35223 0.35223 0.35223 0.35223 0.30414 0.30414 0.30414 0.30414 0.12748 0.12748 0.12748 0.12748 0.08839 0.08839 0.08839
0.11180 0.11180 0.11180 0.11180 0.10308 0.10308 0.10308 0.10308 0.12748 0.12748 0.12748 0.12748 0.07906 0.07906 0.07906 0.07906 0.05000 0.05000 0.05000 0.05000 0.12374 0.12374 0.12374 0.12374 0.35532 0.35532 0.35532 0.35532 0.80700 0.80700 0.80700 0.80700 0.53062 0.53062 0.53062 0.53062 0.53968 0.53968 0.53968 0.53968 0.71107 0.71107 0.71107 0.71107 0.40000 0.40000 0.40000 0.40000 0.39726 0.39726 0.39726 0.39726 0.35223 0.35223 0.35223 0.35223 0.30414 0.30414 0.30414 0.30414 0.12748 0.12748 0.12748 0.12748 0.08839 0.08839 0.08839
0.11180 0.11180 0.11180 0.11180 0.10308 0.10308 0.10308 0.10308 0.12748 0.12748 0.12748 0.12748 0.07906 0.07906 0.07906 0.07906 0.05000 0.05000 0.05000 0.05000 0.12374 0.12374 0.12374 0.12374 0.35532 0.35532 0.35532 0.35532 0.80700 0.80700 0.80700 0.80700 0.53062 0.53062 0.53062 0.53062 0.53968 0.53968 0.53968 0.53968 0.71107 0.71107 0.71107 0.71107 0.40000 0.40000 0.40000 0.40000 0.39726 0.39726 0.39726 0.39726 0.35223 0.35223 0.35223 0.35223 0.30414 0.30414 0.30414 0.30414 0.12748 0.12748 0.12748 0.12748 0.08839 0.08839 0.08839
0.11180 0.11180 0.11180 0.11180 0.10308 0.10308 0.10308 0.10308 0.12748 0.12748 0.12748 0.12748 0.07906 0.07906 0.07906 0.07906 0.05000 0.05000 0.05000 0.05000 0.12374 0.12374 0.12374 0.12374 0.35532 0.35532 0.35532 0.35532 0.80700 0.80700 0.80700 0.80700 0.53062 0.53062 0.53062 0.53062 0.53968 0.53968 0.53968 0.53968 0.71107 0.71107 0.71107 0.71107 0.40000 0.40000 0.40000 0.40000 0.39726 0.39726 0.39726 0.39726 0.35223 0.35223 0.35223 0.35223 0.30414 0.30414 0.30414 0.30414 0.12748 0.12748 0.12748 0.12748 0.08839 0.08839 0.08839
0.14577 0.14577 0.14577 0.14577 0.16008 0.16008 0.16008 0.16008 0.15910 0.15910 0.15910 0.15910 0.07289 0.07289 0.07289 0.07289 0.07071 0.07071 0.07071 0.07071 0.05000 0.05000 0.05000 0.05000 0.19445 0.19445 0.19445 0.19445 0.77217 0.77217 0.77217 0.77217 0.76096 0.76096 0.76096 0.76096 0.54915 0.54915 0.54915 0.54915 0.63369 0.63369 0.63369 0.63369 0.26984 0.26984 0.26984 0.26984 0.28777 0.28777 0.28777 0.28777 0.42793 0.42793 0.42793 0.42793 0.36401 0.36401 0.36401 0.36401 0.09520 0.09520 0.09520 0.09520 0.03536 0.03536 0.03536
0.14577 0.14577 0.14577 0.14577 0.16008 0.16008 0.16008 0.16008 0.15910 0.15910 0.15910 0.15910 0.07289 0.07289 0.07289 0.07289 0.07071 0.07071 0.07071 0.07071 0.05000 0.05000 0.05000 0.05000 0.19445 0.19445 0.19445 0.19445 0.77217 0.77217 0.77217 0.77217 0.76096 0.76096 0.76096 0.76096 0.54915 0.54915 0.54915 0.54915 0.63369 0.63369 0.63369 0.63369 0.26984 0.26984 0.26984 0.26984 0.28777 0.28777 0.28777 0.28777 0.42793 0.42793 0.42793 0.42793 0.36401 0.36401 0.36401 0.36401 0.09520 0.09520 0.09520 0.09520 0.03536 0.03536 0.03536
0.14577 0.14577 0.14577 0.14577 0.16008 0.16008 0.16008 0.16008 0.15910 0.15910 0.15910 0.15910 0.07289 0.07289 0.07289 0.07289 0.07071 0.07071 0.07071 0.07071 0.05000 0.05000 0.05000 0.05000 0.19445 0.19445 0.19445 0.19445 0.77217 0.77217 0.77217 0.77217 0.76096 0.76096 0.76096 0.76096 0.54915 0.54915 0.54915 0.54915 0.63369 0.63369 0.63369 0.63369 0.26984 0.26984 0.26984 0.26984 0.28777 0.28777 0.28777 0.28777 0.42793 0.42793 0.42793 0.42793 0.36401 0.36401 0.36401 0.36401 0.09520 0.09520 0.09520 0.09520 0.03536 0.03536 0.03536
0.14577 0.14577 0.14577 0.14577 0.16008 0.16008 0.16008 0.16008 0.15910 0.15910 0.15910 0.15910 0.07289 0.07289 0.07289 0.07289 0.07071 0.07071 0.07071 0.07071 0.05000 0.05000 0.05000 0.05000 0.19445 0.19445 0.19445 0.19445 0.77217 0.77217 0.77217 0.77217 0.76096 0.76096 0.76096 0.76096 0.54915 0.54915 0.54915 0.54915 0.63369 0.63369 0.63369 0.63369 0.26984 0.26984 0.26984 0.26984 0.28777 0.28777 0.28777 0.28777 0.42793 0.42793 0.42793 0.42793 0.36401 0.36401 0.36401 0.36401 0.09520 0.09520 0.09520 0.09520 0.03536 0.03536 0.03536
0.18200 0.18200 0.18200 0.18200 0.14577 0.14577 0.14577 0.14577 0.05303 0.05303 0.05303 0.05303 0.05590 0.05590 0.05590 0.05590 0.07071 0.07071 0.07071 0.07071 0.03536 0.03536 0.03536 0.03536 0.07906 0.07906 0.07906 0.07906 0.47762 0.47762 0.47762 0.47762 0.79628 0.79628 0.79628 0.79628 0.47599 0.47599 0.47599 0.47599 0.49244 0.49244 0.49244 0.49244 0.27951 0.27951 0.27951 0.27951 0.39883 0.39883 0.39883 0.39883 0.46402 0.46402 0.46402 0.46402 0.28504 0.28504 0.28504 0.28504 0.05590 0.05590 0.05590 0.05590 0.01768 0.01768 0.01768
